690
697
336
296
487
715
663
520
582
672
980
798
755
213
648
734
88
684
19
922
497
818
440
534
705
892
972
207
633
757
100
465
352
829
129
929
780
573
473
514
292
168
735
223
719
845
300
882
868
876
446
196
930
181
563
513
21
943
961
6
124
758
625
97
682
788
888
629
821
744
144
999
476
988
285
87
634
417
96
129
560
900
318
645
783
956
46
157
839
514
775
374
0
346
605
634
894
228
497
795
237
829
27
915
340
733
49
433
964
452
504
245
325
961
358
357
767
25
880
688
426
843
608
687
197
285
653
177
31
73
812
780
544
892
154
32
433
703
667
314
495
214
195
496
264
261
710
588
352
425
962
580
776
492
365
392
54
767
588
929
332
224
663
533
551
114
131
648
95
725
322
149
344
815
462
955
666
819
304
996
228
327
126
768
497
35
403
105
212
721
318
32
874
953
920
141
620
735
225
86
199
218
120
187
674
87
283
66
710
271
804
321
299
353
731
550
670
162
850
598
983
379
388
939
482
640
609
845
393
837
119
774
588
60
438
407
421
640
251
837
687
804
483
417
179
972
503
255
670
606
444
572
777
23
998
975
956
616
411
460
321
879
38
261
703
253
539
27
976
514
761
724
100
874
704
329
290
317
285
77
158
801
618
81
466
734
603
206
71
365
340
192
228
433
439
817
126
842
652
759
476
518
97
779
430
275
573
599
400
832
509
503
833
917
765
800
603
277
405
990
947
515
910
940
293
658
228
113
760
82
954
26
547
283
341
56
921
780
461
852
478
859
728
491
645
778
892
822
587
959
518
228
36
750
42
287
268
237
662
192
812
180
944
969
354
456
353
793
32
603
536
431
575
98
960
373
752
673
322
457
244
775
54
552
709
248
555
833
605
792
417
739
465
492
2
455
895
826
209
917
5
845
577
231
749
553
474
520
937
641
138
325
835
750
673
750
896
621
417
383
142
760
684
813
77
91
490
493
221
901
284
34
913
947
701
512
708
69
140
719
698
768
467
445
618
980
203
369
113
187
151
740
342
126
130
246
72
995
756
559
183
547
109
313
744
556
556
59
359
371
445
836
131
426
664
947
343
592
232
681
757
296
294
871
978
515
22
491
834
585
490
818
29
24
163
90
952
521
620
488
769
416
389
751
108
252
138
130
887
797
365
373
776
709
849
320
169
321
43
637
233
826
965
344
78
366
466
692
561
96
871
69
901
813
928
273
195
848
823
400
655
910
501
9
413
416
662
981
514
391
239
819
944
411
868
366
991
543
995
101
61
748
974
569
667
365
807
623
983
468
997
380
877
668
484
281
306
827
31
218
808
280
601
380
855
536
736
528
649
792
229
334
277
14
227
618
40
847
161
910
639
324
860
175
32
915
247
603
594
782
968
301
967
979
836
179
800
774
11
889
797
193
296
432
95
272
204
292
483
230
852
541
351
697
540
422
795
274
537
580
312
97
602
507
795
936
451
304
865
751
49
529
859
349
836
553
224
768
975
418
850
593
437
346
404
86
921
224
10
817
76
468
824
780
470
230
213
676
532
785
93
605
302
918
426
452
559
409
769
429
264
