94753
28405
41309
7190
2776
99875
38936
12470
64117
50427
33473
4835
99689
80482
99101
38651
66075
85663
43975
61557
78792
65094
12077
1429
92395
92448
56343
61564
70446
69357
97612
82588
51004
21537
36053
52808
27154
24457
56649
32271
13094
11955
90397
78379
47777
52063
235
89580
24589
10856
7155
5579
21525
6878
74267
49558
89758
82400
33545
94509
23089
64682
1518
48044
19944
6195
92959
56275
45614
78491
36216
70809
14423
48649
26869
99770
62811
95725
74760
58566
1041
6834
31675
93617
90393
6020
9573
76579
96413
42795
2786
79708
8634
96974
634
15345
95476
73456
33013
26097
64487
9683
28093
9470
95770
28214
96801
56664
59601
92477
1697
62078
12820
13792
52410
17507
59799
52751
39937
56916
51735
79450
55560
57537
82307
82569
20448
19537
46412
56943
41610
94428
41064
22910
58807
74792
70792
82823
72251
46338
20815
30005
74725
67195
80562
24784
6260
76437
50436
58809
81787
67309
97785
65805
84164
71300
53373
68152
21129
87703
29104
90088
68971
25486
4598
85298
28777
20452
39290
14293
25905
42013
66074
59058
5621
64567
54790
82508
51433
82067
10025
37866
10590
39894
73506
684
26182
57379
80949
32590
11853
6453
30963
50461
61275
13060
45134
89217
59155
569
8640
16414
37859
44463
69952
35691
5782
22964
95482
51107
14061
76354
90536
14947
50952
67305
5423
16249
61495
27268
80912
48731
31637
78615
48518
87616
45614
65692
97415
28211
42222
59179
21939
27785
69287
26329
29053
14159
25330
86295
21893
18293
20519
98789
13245
19573
90029
66392
50379
34136
8643
43625
38058
71948
36780
76590
11289
22022
77198
72001
33456
54205
63542
58863
34102
38581
86812
92808
63585
20581
35450
44712
14257
21557
80213
49695
5777
83334
71015
49458
31869
11152
73451
21841
16118
45857
7487
25352
38022
10311
50819
30933
24291
5526
19806
34534
6442
29603
20979
70368
45954
4141
36132
56774
78465
43338
31000
91935
15732
19629
82299
133
89371
84512
20161
27523
71001
93356
27247
12301
12786
70077
235
39317
71109
69174
33608
13076
20655
28063
2128
9423
58013
5148
28044
34410
40045
87562
1518
37769
6064
72753
83162
13574
93489
57278
60226
36719
94005
73279
74644
27267
84024
40270
36728
75066
89012
72935
24657
50657
41490
9501
82128
47653
83000
27308
42132
20727
83884
91176
42386
35189
48685
38224
6592
42287
89117
47031
86663
92637
97224
13385
63862
78126
16341
59445
11542
13471
1578
873
41877
48219
34707
28663
72618
32788
78967
35955
35201
21869
76716
9170
11991
26219
10228
63512
50455
98837
11117
7871
37081
20809
92426
58538
30450
51961
16684
93416
18036
50219
92019
25866
93954
29606
33472
95387
33371
65740
33481
49967
37706
89602
62405
9909
98565
11871
32964
9331
45331
20330
91617
79428
79893
50542
46075
13764
82030
23354
54194
82679
79543
99981
96173
21798
33933
81043
95639
4133
13898
38837
53245
12828
63622
72162
16535
8244
12030
50371
97464
92709
18013
86379
93846
9700
86939
41119
44335
66139
88024
66717
41243
97669
37259
11295
10591
32442
86557
76296
56048
41140
67356
56294
67927
17544
55239
31238
39780
95811
89289
61859
92187
88380
32132
39911
88455
32222
95196
3734
87620
85475
52252
24628
19165
3953
11311
38927
52124
57520
52844
31638
37847
76488
37317
96380
63852
70796
91488
26793
16962
95356
74588
87597
69168
64319
4377
5918
20985
64095
40067
96863
79208
95645
38440
70177
7039
79379
55574
15745
80770
58888
68695
55556
68477
32931
52519
26383
17733
4227
35509
78090
37242
84861
68505
58725
94698
47132
15006
21943
48319
89296
71706
83325
56169
61129
42508
58529
68587
76594
75216
49614
18850
20225
28878
18122
34129
87510
41052
78045
10163
31131
24907
27050
7191
76109
99579
57567
22656
90419
42580
22710
84946
74596
23513
35512
51321
23527
17025
59695
80061
52351
90622
25935
25642
27262
48215
57581
70419
47086
60957
91551
1383
61548
3241
43408
36262
24989
8415
29706
33361
79639
80424
50340
13494
34690
96389
47772
24472
85931
50087
40433
37032
33222
23188
35345
6129
26413
58588
86588
89859
56418
13766
3555
16928
59570
92131
57190
9570
92117
72739
44183
6087
54103
60085
11081
10959
26450
32386
37640
91314
20942
41958
25540
98299
35008
42102
35737
93623
85262
27426
501
10218
14788
54252
12141
36331
70221
8175
10358
26673
10869
3626
73183
16424
59447
31604
81305
4302
16216
52532
39021
74120
24780
50155
64653
71192
69327
50349
33292
180
61543
37964
41538
13816
44489
95116
3958
82075
51035
22452
96182
19222
88027
85470
22783
76718
23057
91449
490
47955
44409
73127
81047
45354
28022
67436
56020
11464
75623
90087
44820
60724
64216
80534
96284
13771
57560
46818
34179
7803
6407
5753
20005
63206
18866
32214
37643
52914
84606
88532
17598
50478
38415
34333
87044
24348
44774
65847
28039
55554
12393
31554
96117
73511
60029
77020
1740
69298
84270
80553
26960
38430
70219
95122
47018
43744
32550
92857
10316
14571
92398
47457
95784
59820
92999
75667
7228
99695
29117
21851
71105
82378
4279
75155
66514
40338
83095
33083
22178
48762
33079
99037
38579
81994
96104
71473
11944
6913
18556
35401
93887
54707
26530
59076
87029
97282
81033
72892
31280
36619
55360
47325
49089
12978
90130
24384
9118
2248
44467
98837
50354
53896
56784
78841
7760
23344
61795
47933
29516
61209
64042
90096
57915
78363
71222
90061
60602
95754
75632
3415
11525
3981
24812
89678
82340
66377
53205
40565
69248
67427
84989
35391
25290
97131
96967
59643
16304
63210
1298
4110
93696
12913
66179
47184
91931
20040
74310
42479
66234
51462
57688
33123
1246
1107
26649
11536
48046
89488
60217
91027
5388
51844
76898
62511
98856
96326
97487
3378
81282
36900
10397
40406
33945
58730
16474
65167
990
14012
63730
77130
10056
3617
71649
19958
10869
10405
71436
89920
56088
64922
50120
79836
81470
92078
29577
23987
17472
46712
77138
3883
69205
5640
74745
1297
17269
18661
5420
81477
15178
81118
1725
74900
4287
4063
41486
89938
19392
97848
49979
48913
42733
80507
46799
90662
9982
38830
88654
25861
86970
17954
11024
11262
23595
94267
30682
96263
47879
28397
54447
43406
89023
15723
92821
3233
9316
49952
15939
57653
95116
29847
66587
62785
49144
38040
40525
36410
10173
63918
28480
66240
47138
29638
49894
23353
74379
79882
14065
54778
782
39046
15690
2741
78872
42610
53138
28675
26320
56544
75578
15570
92707
48488
4745
53723
82794
96009
91557
20028
81565
8675
52301
16337
54469
42298
49823
79634
1051
78441
99744
75026
15634
52695
64714
87876
12843
52573
76780
73385
95016
21526
72765
84021
68544
41711
69020
93343
56956
76732
16155
15593
63788
38172
24121
44635
19355
61850
78356
40637
9894
71542
3120
5004
790
73230
40917
90259
55739
51891
87919
24241
70998
22963
46179
72659
9014
27078
55230
70357
54621
78580
99530
24644
52688
60555
59211
62455
75186
53186
56727
87863
26571
54408
56155
12991
45655
96702
50991
45569
60413
27926
76038
78110
14854
70145
4314
59525
91169
25516
43871
29853
97645
64768
31963
57680
60082
25100
26192
78650
41869
47377
10070
27181
93091
66490
8418
76436
73706
40349
24178
96299
57746
17526
75873
73088
25355
67685
43134
26869
49868
27201
23369
44960
14012
24823
42172
32941
87573
5238
8620
69750
83867
76195
23700
35460
85638
43111
44374
13759
69456
86014
309
22672
62882
31612
7197
16204
603
59385
19041
8111
54498
30427
36021
63839
95694
70804
14002
13623
11839
91671
67704
41653
29455
39300
23518
93053
22454
78676
74930
39025
19896
76671
19964
63464
91441
87824
8510
77042
3004
19689
83509
12999
43468
95666
83669
7599
39422
95066
35188
36538
5488
94827
3458
76025
64027
60120
50680
8547
66615
65778
17309
32549
63936
94648
27989
37298
65193
8284
68041
57495
10286
82953
8872
7474
8562
23565
21915
58950
8486
21753
18481
68534
34023
96285
85034
45040
25570
81925
46376
18187
25011
84025
55208
49697
56440
47568
97161
86003
56601
45100
86948
12370
22061
18144
53113
43102
14413
55514
462
87143
93454
45550
84856
16855
22860
39787
98099
50595
95756
54886
89450
45449
11789
16086
90023
90862
34448
14611
91443
1261
4759
49902
24418
40622
67223
53768
19718
55452
94665
81893
62316
29752
5283
15498
97619
73064
82501
62319
55070
109
55871
50483
37217
24871
32266
94717
21505
97398
3977
49463
61681
44813
67858
75181
80411
25868
58574
35472
47608
59187
81676
89835
86455
18716
52889
2940
23808
64291
31983
62472
19390
96407
66721
51225
19237
26293
75524
60138
96900
84276
76040
87548
34129
14704
56335
96362
87174
8215
84677
28115
16788
43057
65433
66069
9151
32528
49986
54141
14759
88083
24901
29665
90943
55760
27741
63341
92844
17559
46286
6489
45848
7391
85661
7406
68312
25372
51217
19949
44326
57038
6486
52158
29191
17897
27376
5615
83651
67697
97543
33341
14434
77846
28230
81858
84317
12187
67885
90008
11765
91043
47540
50523
43629
89116
79612
37062
3287
88526
25029
43525
83837
58325
30496
91111
62904
58622
40935
94189
16644
55511
17677
85123
2732
57134
71840
1806
17526
43383
74989
7494
26535
53730
70036
53857
42419
7004
80556
75572
33710
23437
94409
80363
66508
5475
51873
16026
98625
5508
14424
78048
9107
75511
19047
11101
5165
39375
15577
23702
25388
10566
34613
91612
61511
85951
99169
76397
25801
45418
15109
23697
80841
20314
31249
85417
20369
21013
66242
82064
30005
77855
61690
73272
19771
40977
33971
59034
28277
3383
33109
48552
58968
61644
67882
69559
36578
47744
86258
61354
44987
59
82933
65538
86567
80308
97944
57811
45032
46487
51984
69597
62935
76343
84273
28772
45564
53021
93189
92236
34744
51240
24802
59758
96825
29437
22079
15090
43650
25801
35913
79851
93163
79639
59284
98268
87104
72411
21987
63489
18443
55350
91192
97290
44735
72292
93981
10371
38401
20812
88749
61859
40438
18557
35112
52964
32471
2899
67575
7875
97242
64764
19377
33308
35316
37379
92433
42477
39079
7609
86609
27897
7000
60681
81169
74173
27816
18122
69466
83150
98332
13814
91471
32962
71418
78055
61372
52206
45509
95511
87482
35870
51980
79652
12896
32721
68598
29830
19266
70681
51924
52368
47024
26536
8341
92967
21519
41301
68819
26575
36463
97528
34697
15924
89885
64896
31711
58609
4065
86395
41327
21571
89564
2901
91142
99692
40906
69597
24462
46048
53994
22350
71663
5164
26048
3839
1426
10911
34991
81029
51036
33582
84788
66377
5798
90517
32120
70166
92338
6437
89845
4536
68234
36816
1620
89244
83953
70243
73753
55256
22292
22366
93845
73654
85774
82797
39061
61701
88972
70277
66502
64668
76371
59379
8612
98945
82721
18978
12524
25128
64846
4217
79871
83552
76722
60979
17640
90781
85956
84388
94944
44422
74401
49140
61329
93524
42024
43731
30646
69148
26322
24781
72491
39070
62372
98237
42819
95052
20997
87291
74655
46971
82355
34671
57704
68073
59565
58922
97215
47131
52429
15980
91769
25335
29022
83028
43133
83062
82015
32896
69520
99322
82076
12413
31998
14994
84446
21226
61472
44292
78841
84147
18674
94560
51733
4779
57333
47976
71329
8766
26881
80587
30322
73849
52834
74823
6537
84531
47062
30823
98031
30834
62896
54347
33661
91325
91163
60115
68362
3907
15330
13245
42866
41145
65110
62781
71427
51565
83611
31347
56394
15432
34477
21849
58364
28964
56742
43752
58821
65652
62944
91429
25937
59454
92977
5493
2907
38562
99979
29192
51923
50725
45497
54381
20041
68304
63137
89923
71382
97809
46371
14511
49862
57641
36275
73618
21378
52921
21661
79842
17662
66190
49713
21072
90435
47384
18033
4128
19238
685
79243
98486
64864
81724
88139
31739
32958
67025
93568
53768
10409
15274
34518
93028
48893
51913
65200
62648
31703
22129
75861
55617
68913
94824
80814
2128
38315
92075
94982
28563
61438
25637
25492
2632
48582
99590
91138
26845
85283
22869
37828
76194
15786
23386
93849
82377
82070
26483
67997
49485
44389
34562
16250
13915
91437
49349
66948
67481
10213
90781
66308
52023
77546
49383
69021
90281
15626
72730
17523
93838
49817
40497
66146
80833
91736
22105
87549
60505
38655
14001
1982
89104
95225
34206
25205
32133
80682
94471
5246
40173
20510
85565
50169
48675
92323
10082
91430
17989
57893
48965
15615
24469
825
99055
48993
66138
186
283
69006
65392
99559
24165
28354
90715
80065
70090
52620
3479
51337
56762
7396
5844
12319
38765
11356
85464
45179
70415
76946
26572
32221
94323
51671
89050
83021
38873
74383
13965
38496
71643
24273
95731
22367
87772
31052
74135
15050
15981
61136
24048
28248
52357
85565
7550
78935
60526
3327
75094
72591
51538
80616
13418
95726
99800
76637
72324
95311
18739
42194
75892
69845
48222
12673
41739
25625
38303
15235
79069
49065
9298
51938
83228
7877
47716
89784
99684
8184
74545
21314
21910
50851
49834
58815
87210
73562
24765
86262
29891
4932
73671
34880
11286
96542
6504
41002
93140
70484
52035
48628
85591
2999
22978
42054
93493
84108
47292
10915
69797
84614
75776
2797
50110
17652
79626
2716
46162
38851
86849
1409
93754
5671
77404
76336
51389
12544
36187
8845
50037
71073
41606
78722
19408
46616
31447
79934
44057
75733
73668
35398
8751
94115
13317
52656
76613
2297
34350
58486
50301
86318
74306
69418
79918
74600
88339
29656
16711
66589
5433
84134
80485
28561
34692
6468
41244
75342
35911
11201
14356
94517
81237
67581
20586
50725
93266
96156
67329
95868
33945
75635
54592
44350
68205
62515
28653
90617
87969
93147
34972
58235
96641
17900
21718
87311
52448
9175
28345
57330
85039
55622
33203
92355
20841
26925
55373
45883
27392
37222
56852
21783
58700
23779
52896
93545
27535
10506
35442
33581
87032
9395
87129
49152
56034
84363
62836
26859
28548
83457
92738
69935
23361
48878
31201
59367
10600
21846
52773
25802
54582
23673
96471
48757
38471
99542
74901
65505
13111
72956
99899
51643
27151
36764
97695
47661
34189
41537
47561
44443
91097
99935
90827
29790
39034
46142
30999
34300
99990
94752
26121
27045
73986
97139
24071
92812
53327
61023
28977
4
1765
73967
70207
44987
84154
77322
41632
36332
87457
30734
57287
87011
67244
27126
78013
7301
66936
83241
21867
84549
6468
81827
48633
45853
22676
15218
35749
28071
71670
86771
66471
51729
8545
73451
63407
98932
14121
17164
14661
52184
25712
24812
85752
17482
14887
65867
85691
79265
19245
21100
16744
23384
98448
38524
25740
48415
68646
87780
17639
77927
84665
34058
4166
11335
48119
27361
9708
64773
30246
12103
23606
14521
29900
41339
22700
20853
18030
3623
44652
22328
4546
19768
41127
11980
12024
971
43687
17484
63745
39091
89958
88826
61269
64097
68063
55540
99497
9425
79697
2963
31386
33643
59388
53813
4901
79788
83247
35939
76110
44356
59163
4934
32127
73207
10748
33630
38860
81929
21506
65567
39320
46
99331
14002
15868
63352
89777
81648
44980
32980
61453
30830
81640
64880
38475
57121
47692
55595
83369
31296
81467
38923
12422
65220
74929
94256
86172
15147
57501
97117
30094
54680
77904
97765
84390
39487
82474
55290
66175
80909
21478
1131
70242
59539
87825
857
38426
89044
52950
34300
85
43356
19642
78132
98564
68185
20544
34251
81498
47404
33028
80762
84146
50667
21063
33340
93088
480
98073
70204
7557
13325
46981
11147
3559
35130
34409
25395
7396
16524
20344
75557
68859
22848
56681
59746
5459
17204
39343
40270
82967
42010
21356
88722
97409
10515
5644
7965
50691
93253
54707
98056
83139
86282
37720
32653
22154
67277
12099
27004
53658
79509
64136
42827
12548
72714
90626
64537
89153
16426
63410
99480
72293
99238
41317
45268
61062
51348
91543
21391
29286
25310
43528
10112
97449
5780
4934
49400
51751
33936
79082
92360
41549
42365
40033
30697
59407
19645
13306
17611
32974
60787
28412
19477
75829
58305
5844
47007
99040
80456
92959
35018
98645
66383
30741
54377
8951
1663
92331
7310
86017
38464
69131
21012
37080
93146
48802
25724
19869
87915
87667
7775
88754
14575
16233
14978
74698
18701
36717
8424
82818
27516
67568
27820
496
87384
73159
28830
20312
16322
20297
37035
71220
1412
28993
72504
30714
91885
54260
69228
13604
25055
62004
47663
84054
75769
63021
1796
79765
93610
95097
76521
86743
37336
99649
14701
51455
20011
94729
49728
51920
52896
77489
14885
22784
34574
56116
9915
97100
80611
32866
26048
41813
59668
80241
21519
42141
2223
91173
24584
31573
2217
3555
64643
59863
94719
15164
21639
25804
10825
66764
52282
3044
61637
4717
22362
3553
26213
38161
13454
7681
49057
73224
29487
29815
43599
6988
2211
14229
94674
21190
81158
81844
49811
39810
3789
96439
29260
91476
89616
46679
37588
20738
70305
68832
45406
66720
83626
66068
79660
15764
98192
38557
75448
99015
94355
64494
30006
15096
47570
43414
82200
90383
70328
27587
12232
56542
63340
38105
35309
79732
73726
55001
99155
83619
7133
16877
71557
38118
24321
98502
5699
52679
90786
89504
34516
31780
96283
4005
54029
2537
95530
57679
23286
14198
91252
75989
12307
28939
35159
68634
44143
94684
25044
61024
70027
76222
19026
77358
12138
99846
30627
87196
29781
68462
53203
63988
32957
47757
9851
94042
51431
71591
34174
7663
4927
98029
59623
7185
423
38696
1494
64181
11700
69194
20120
4992
28619
70715
45065
25362
73205
54870
25588
89800
11989
93777
65482
88150
68984
23747
87678
89590
13248
76754
91638
26753
85681
90213
37041
73185
92983
7511
23687
74169
54827
45018
3892
66404
17294
35711
82904
93164
92648
49821
68169
55936
42966
4539
75158
19808
53240
23640
1008
72889
48838
62074
90838
31245
43030
77722
13680
75504
59762
81302
49288
24461
69001
52988
95772
95864
85287
56600
28712
36437
70760
79843
66633
17408
97894
61599
52839
71217
34943
89885
72904
22997
61000
51757
9363
87911
28405
21261
32144
22191
22891
55617
49243
83123
10659
22528
76756
70968
20628
96987
43949
32758
54449
18422
63094
43990
94044
40726
72251
48986
40558
3501
45369
75142
93024
62986
90770
35088
97754
94860
54619
17692
23331
89275
71377
40864
85430
11096
12444
20193
98557
7082
36830
19188
70168
25865
43057
18054
74731
98864
1083
71148
79174
74917
40814
850
25030
12664
73173
4733
46744
18590
69903
6227
68118
52683
78794
32216
44166
25600
30864
45672
20208
58972
57084
41478
52107
6996
55912
50089
93248
61378
39164
31240
63726
50824
60466
70474
99650
97599
3046
1259
88241
31600
99488
73068
98676
36985
27178
55428
70129
4228
48107
43624
30713
16527
30943
75464
39050
39805
65073
34385
93852
51537
18044
14394
11486
84611
25635
49231
89683
52326
39769
43382
23208
44069
34908
72676
27021
45083
35722
21724
81244
10684
58054
68768
99305
59610
81773
89396
96234
67577
64774
83234
56020
78757
11476
48539
99672
60343
13849
28912
36541
37999
13051
33755
61160
75446
53266
67736
13102
14867
93620
6426
98981
5037
27927
27585
50301
30754
38194
80293
12552
68779
17353
49999
25459
16286
74415
64315
40937
35136
47086
17746
12052
36030
27223
33070
99941
50338
85851
53470
62553
60477
4316
20255
95281
63172
18173
86852
24052
23548
65677
59961
69278
5558
77193
93857
83830
94159
26022
2686
94506
26510
63260
34805
18546
23512
62911
76730
62264
6772
96907
19619
92856
30441
62917
25609
80424
29005
426
84635
40720
29924
92899
25965
69202
4698
60401
77973
58363
31900
34705
17257
50869
88230
13347
60858
25208
34947
76498
81050
15005
26003
21668
82987
40265
29933
4946
13233
33575
8479
78558
93942
67437
58635
33622
19495
42923
2834
46476
59647
36112
93094
33779
541
28918
41486
33249
35075
95773
52016
81179
17458
30388
76802
66247
5301
1051
23234
78170
73797
39358
40358
10675
79319
90178
39481
51194
96503
62668
24624
5185
23112
67361
49715
25642
58955
30385
10708
79404
16690
19392
77434
81285
59609
30858
5404
67050
87444
56782
87492
13591
4896
98407
44504
66903
37793
11196
84072
26966
58768
1185
2133
91245
37351
86908
6104
91864
56349
94026
78904
64719
5385
66621
17524
48214
2460
20442
65876
6227
86807
6168
24517
77681
53117
43969
87758
61198
40341
39039
67840
45443
8115
748
63604
86950
43785
15968
13710
27223
88640
60665
58800
21043
2897
65209
35449
64084
71960
11283
21910
65877
10793
73467
1602
6647
72561
15575
7783
99688
96238
54868
13007
20977
41163
67204
97087
89179
32670
5440
63499
49985
22535
47625
79746
55999
65939
71274
85205
16474
84953
67928
66200
18706
35463
14444
56385
60358
32293
47262
24308
65470
71600
63699
78022
6517
70714
20082
93038
3217
21182
25405
30150
16338
63221
33213
39505
47592
6085
41636
68009
36854
9621
78236
92836
75382
74547
17096
88011
30433
90699
47992
53753
6816
75886
51400
94108
1452
89260
98331
68574
67016
37369
49843
70887
833
73822
69391
2026
90877
55202
76043
22724
59936
31565
59394
40065
38553
58317
17012
27843
77168
93102
3062
96776
75948
41804
29801
77998
95501
51806
73771
17253
69318
27201
96170
12639
58781
44264
26756
70641
52795
77017
56302
16453
32
59775
11228
94648
72285
91014
56677
97922
4131
15944
59051
99285
76712
1291
81524
83454
13314
86448
37909
5753
72133
91289
82668
27067
99970
53421
78517
78787
71198
87382
51247
72335
73018
93073
42578
32274
34909
58681
61151
39231
6504
54272
31371
23545
12544
71972
46954
81494
46561
94651
74651
21357
59388
74284
21634
68303
92014
31848
72350
64878
30377
31213
37271
2734
14544
37697
35592
55623
55532
29437
79425
40317
79486
47794
34382
22831
45806
40613
76885
436
15628
97380
32492
11875
79917
77950
144
89046
55872
23696
79611
32974
38817
59690
37233
67453
11983
27598
18483
10062
39461
5220
18750
60993
71499
26006
43441
22476
58112
25566
51577
91440
42300
67988
28479
5234
84219
70147
75337
70995
6398
49318
68822
13317
98660
85575
97980
59581
46461
38217
99320
53895
31274
3363
55051
9849
36826
22041
275
63875
28113
82971
88372
5204
36247
66686
67848
83297
70030
28025
95207
54794
13232
89879
95497
73890
43824
62766
19611
61561
4945
71179
56420
53579
86018
20772
70751
31069
98446
35663
7383
84344
97709
90607
42826
55969
72949
91884
58374
8408
866
39509
35965
79130
63020
75913
29888
77245
52067
63726
15351
79689
24336
20410
978
95917
95163
14401
39741
20842
57506
76772
85813
47781
31257
5444
85549
37002
84524
58282
69412
79934
430
26258
3952
58892
748
60562
14938
31984
81796
59366
54721
81716
30896
20792
8873
91947
71143
31624
18545
73867
60614
26607
19347
4366
66034
10021
46081
73144
93679
48291
14832
24919
63880
78735
62497
20441
11011
70249
79838
73755
78586
55951
3446
76151
77787
1547
19841
22605
33077
17320
46865
77453
64481
64867
59348
60967
616
6662
52838
48622
45848
91819
36410
56323
21331
81569
28211
79157
41349
92056
7672
90441
36730
92309
26357
79407
96969
36023
76821
78492
48408
15281
40896
69620
73217
15462
49139
31564
79760
92311
44390
38288
20016
77985
72561
41085
60492
85691
40084
27261
95972
20932
75797
87176
38907
28996
87601
41283
36892
22507
10242
41300
69975
34852
24857
41475
74202
70953
86759
63102
34936
98458
94189
6137
88362
50973
18874
48436
98509
72360
14201
31774
51478
70843
80667
28219
99456
13225
83907
25318
731
819
76302
78322
94861
42247
77713
17001
90662
13863
58007
91018
8447
59937
86381
12479
33756
46198
98632
78671
85661
56247
3584
41919
69489
99877
90693
32117
69665
75411
5888
77280
44526
88685
60067
28553
39907
77181
79630
40599
17509
85731
4764
23189
50479
12821
4904
39046
4540
29293
50208
9805
50376
61486
10426
78763
58640
76798
53894
67540
87780
52340
96220
72135
95958
4419
36374
97340
2822
86139
9931
54546
92252
85582
34621
37014
58315
25810
89167
29622
81756
9949
73960
17445
5968
48621
83707
61105
43063
36992
99017
92686
74044
84588
42318
25425
13085
92068
41248
6738
16130
60730
78637
19886
80692
63126
24579
68966
71049
52964
22868
20250
97647
26916
67785
43458
73701
11244
45069
30921
26265
68228
77899
93469
4869
17009
65157
54473
22283
53735
88843
23414
36055
67903
53011
40198
83315
70487
81417
34626
21048
65377
24401
45869
85285
99662
81306
96889
97246
79746
91545
90216
42940
41505
55431
38656
67712
44157
41678
72592
55086
13122
40532
76264
86439
5248
41349
41384
43030
32842
85840
5103
43945
5777
10089
61042
59016
10291
60005
96592
50232
39094
55997
82870
84118
29366
70072
56559
23118
53238
45945
96073
35283
71799
85645
70065
37723
69826
38998
9866
90372
71342
65787
10100
8121
23552
71586
73354
12577
30804
31891
67476
73002
15805
131
94055
17198
91364
28489
33547
74315
33458
88224
1894
32992
40172
62053
39052
69572
41880
90444
29201
80696
99985
9506
99593
70595
94568
91328
76384
10839
51817
50874
54117
82635
72009
49448
8279
56483
54038
30741
77657
12108
63894
42457
68850
20517
35289
72757
32559
61747
55499
83974
67022
51875
74844
85551
9944
93662
82730
46985
7508
74292
48059
54852
29126
34110
36834
50317
9408
84633
88288
81621
61591
18252
83315
17884
80889
82657
68198
96422
74213
56065
8311
23655
22180
99499
71595
51820
18847
44973
77176
98496
63110
582
59375
75005
22729
72211
65290
39822
14051
77544
45361
18776
56877
65124
29957
54175
90076
65178
83251
20408
22686
67700
37348
44092
57896
82890
20484
2414
49856
52679
1105
77854
11295
32915
40045
75050
86694
72442
8988
41797
13288
15654
23622
2620
25884
19510
69520
55645
10027
9828
70702
97833
69901
70867
86900
45501
70866
97144
77933
35391
34401
96044
17067
8947
46147
7815
60102
19195
47543
58930
96606
84781
73308
90418
84624
99166
93061
22371
71983
81674
34687
57420
84689
9430
40214
24182
63502
67212
25105
85155
21503
75123
87985
7779
13948
10641
71920
7691
72764
92248
41063
39009
62444
46781
65172
78690
4875
531
57613
2096
91239
62211
32284
13188
72576
41428
95189
44213
9352
68806
33231
17274
79146
61323
40274
21926
45552
23094
25065
59406
851
89398
43701
31597
71536
54804
91859
35167
77492
88037
22857
34059
69752
26081
17521
51918
85040
30230
48311
97046
83711
6012
68211
78445
14352
2951
89559
27518
36679
40953
33672
73081
41015
830
86136
82072
94604
16954
1268
44158
10963
6111
47660
70534
92632
28452
30638
5756
9776
83448
50020
24538
573
31097
64755
74936
12416
14957
90053
26497
68459
1022
69391
30112
576
95333
45348
53346
2787
36650
51909
85914
12325
92371
35819
14866
39330
69226
8170
64437
69105
57860
29117
54798
35552
2126
70992
95838
57741
85321
24002
59227
46856
16052
71281
36218
4354
31232
20817
4318
95654
52161
35240
77895
20161
80871
98924
60694
58780
60614
37943
54506
8098
13021
21629
18210
21111
53727
3200
23129
42716
59664
63557
66609
46464
35649
6055
91897
27281
78575
59081
39289
963
43375
9053
2837
31068
66745
4330
57565
96853
12323
67587
58545
65649
12213
69775
31211
57371
53064
38068
20714
90073
6013
41920
88882
61714
36145
79687
65747
60187
67567
92487
50842
82157
31207
37038
47937
70015
10887
38084
17644
31448
44799
56817
91439
72878
81342
88352
18689
16309
75680
66660
93249
90933
82789
56630
31838
34909
26894
13950
29756
79116
52128
15311
10673
7347
15324
27178
7820
33212
58751
96657
67045
8818
12484
99678
61041
80132
36600
53933
42459
93179
1042
3718
24512
76938
85484
31288
61272
95565
82827
17730
78751
55176
18754
74555
46890
68333
31386
27894
55223
96851
29487
83460
99096
58731
6495
21409
11027
73095
57893
27106
68524
71855
73790
96372
17253
89422
93934
79600
21159
34722
96662
51828
44456
83704
47875
13665
11882
35609
64490
53180
32276
97863
2410
33533
13269
83998
99345
19541
97655
87308
35557
65097
29736
91886
95859
38611
30489
22731
5413
39275
38425
60776
11058
35549
16118
33805
94012
18837
81830
46630
33599
36047
69291
16530
80224
66885
47544
81834
45031
67170
78003
57236
95636
39576
44697
46910
10444
28056
22835
98426
68061
40608
97526
96358
55529
74875
75740
96344
63633
68057
731
42766
13212
60301
54026
79384
91011
12355
87479
70994
80610
5537
66877
12534
27943
53088
17151
84313
28588
47698
93351
71585
35609
11019
66280
83838
45567
8062
13942
68694
92248
47103
20076
71261
86243
20842
64597
92852
83662
47750
52848
28492
70575
12556
93550
89541
51518
68024
26433
82016
31814
96928
80871
4076
56558
81747
14509
94435
38687
44932
66953
51429
48938
68808
6349
41490
98599
24287
7348
69005
41590
87099
68294
23888
46003
74425
34348
56887
32068
51206
38759
4534
26639
32335
43980
41999
72614
38617
65712
8727
91569
83341
22772
20565
38331
57790
12909
22556
78651
94821
30834
59792
67769
86692
81590
49399
69513
38340
83869
78031
54892
51290
78876
49278
5833
64954
91763
47957
98016
12727
94071
59385
16392
19801
91536
2165
20649
52934
93670
94121
17230
75454
55474
1755
98390
31505
17918
56332
83120
46767
36662
26900
20455
65524
47401
35548
72067
83588
78063
36308
88028
61741
37156
49790
89347
58507
59053
17444
43007
72976
14431
28109
28655
55440
2841
59467
98737
64494
30865
40836
16750
52656
29335
1270
48288
36885
37283
48544
56169
89246
10633
53374
8496
99963
20732
5449
62964
238
46006
24496
23317
15132
68176
28573
44056
77846
98004
51444
18554
16708
28935
47635
16124
93298
31849
69300
64933
15522
22910
46634
49784
53944
36949
37025
72612
75465
77206
66953
10546
74281
60886
15410
8608
40123
38725
6597
19088
54323
64293
25994
92086
12156
56917
92634
91724
65497
54221
7348
7815
71184
31873
76878
82068
56898
6745
96265
82742
95117
16327
90616
58170
47521
25798
46968
55327
9193
93527
37192
68836
35380
8082
86174
85002
38899
4473
84681
70909
934
3054
25710
83199
40056
65431
17731
86134
41643
71234
49017
204
20930
19193
663
83911
22072
72168
56624
68412
73907
23187
64297
12215
68548
61433
87703
36567
105
55610
61208
20028
67817
61950
97536
1564
38035
20398
64497
44357
59923
55789
30683
96465
30757
90002
96039
89050
22467
68751
91400
8922
20748
21385
65680
54714
68299
80957
93348
30923
84705
31780
57076
38789
84054
95038
5785
51313
78237
83837
46029
40888
88814
34680
31034
35578
54725
49093
9959
31968
72919
58224
31180
51953
83661
50866
79332
30471
14390
28182
60591
35383
12339
84084
55051
61996
75825
20915
17431
29460
17731
83649
63478
38101
81153
62875
47382
52118
36596
54798
96290
28863
56757
68177
55903
36421
98591
27909
86756
28050
42780
6308
3552
72181
63347
19505
44860
96290
11383
96492
64439
24975
89529
37225
11673
1416
263
48529
83439
71194
61258
87131
47008
82356
61738
76962
50573
28769
51553
11441
26417
53902
83529
8625
50253
14095
16407
43306
20446
85570
98969
82332
70448
64412
94702
25345
22006
91275
95044
16652
9893
42346
58375
45545
21613
85187
53890
94208
92911
92790
13516
46825
11975
70136
71218
55111
88925
64352
65719
14264
12202
32368
23806
64388
67054
66082
11127
25470
96409
16664
68834
91071
58282
58602
65569
91161
7401
75756
67850
26365
13212
85530
85291
49582
44295
21051
14025
3177
1241
67911
68089
70329
51775
51068
35853
71412
97667
32398
21238
38905
76099
74266
59855
30212
10538
58003
89489
39052
64846
53878
91895
29510
66934
26200
9907
9690
19790
44108
56703
13216
33014
2288
59754
25217
84757
20330
55015
14170
83303
15270
64070
77484
73598
51254
31477
5831
79968
16242
44034
23593
39253
44862
58664
47920
71771
54188
49450
1730
43973
68031
3069
2880
17840
55848
83423
80309
90642
33713
91459
33054
82923
47991
7259
79800
48260
12938
39456
59953
91623
56808
41008
51397
63266
50038
97084
17980
69299
61070
58895
35599
11755
2270
64860
23002
56715
32448
57357
39398
16824
47532
91031
73527
27061
1055
22053
45488
57911
81534
13561
4308
7602
34641
5916
30679
3181
82093
76448
93604
91314
97250
48053
33993
66103
60743
95175
83102
56675
62331
6109
70617
3687
81730
73694
31869
22881
8645
62227
99254
229
30994
95984
6282
18308
18001
76653
80497
57193
94389
71978
70901
43800
25854
24102
78389
55461
26927
90807
8789
9341
23490
9529
55987
87767
39392
27009
33748
21285
24895
90218
68161
36262
8331
38884
64418
55166
64181
30196
4393
73992
61512
76182
80556
6822
10000
83974
72915
56499
79808
90559
54939
97782
8110
3487
87127
74259
60514
65813
13499
52081
17726
49366
89863
36285
98785
56342
83611
83588
70446
68233
40491
76346
18644
47884
42460
58830
93560
89910
84104
31669
28310
39362
87631
78512
77377
1280
20948
94234
87294
9973
87317
16155
36600
32531
53499
36416
28016
89172
11852
23173
89506
44358
37348
12160
26826
84319
13910
76850
50345
99563
87195
71594
23830
39810
91142
80478
81383
70116
95635
95368
32344
76930
68877
70011
84050
40893
1161
90256
74811
52851
21844
43551
82401
96538
17713
42076
68531
10270
67790
74878
58497
52108
6627
61949
17690
22143
36588
13430
88433
21142
10865
97661
96981
67925
97751
33963
17347
23789
64932
2317
23408
23205
27184
40051
30893
72887
27093
80809
56094
35555
22722
64279
51005
7409
82998
82853
4050
70313
91411
63966
76321
99223
69866
86588
11741
6771
29032
78458
19874
64903
3050
43998
52160
55115
79689
48872
4065
80788
39623
36381
735
95911
92967
80926
39940
95373
73277
89360
77426
17265
92666
53112
81131
89902
4284
15619
61714
63798
63995
9994
33940
20915
25255
5874
40487
62665
28883
43812
90753
70375
66190
70016
652
38399
33334
27779
83887
97403
32815
22654
26555
14311
65993
10840
10705
7503
82016
13243
97763
15962
35456
84272
49213
25909
28266
75392
39795
67435
58621
50787
10587
53661
77462
58224
13642
29804
72612
50051
68655
15447
63327
13221
40571
94547
66389
88363
71225
28453
88806
51973
79083
88745
79417
11207
17685
52666
72278
57648
78433
84416
86699
41945
18977
68438
20197
66210
61344
34566
58590
88292
50840
1242
29927
53582
81397
73384
73270
82223
70038
46558
84666
56681
47400
58275
47616
36051
20005
49267
99974
29142
82243
44220
16004
44510
1640
91663
69104
67912
81864
99967
9180
80842
48606
38800
82311
26244
43996
47558
31363
15251
6242
64936
27842
52951
30616
77250
41060
28703
12136
14897
7863
97861
26261
52747
68595
11317
67261
88740
48864
28716
63786
21509
55411
40846
25566
2862
85417
29150
78836
64793
17569
71063
70491
52222
94513
56080
34430
83517
35250
97992
888
83397
2854
59838
12748
71790
86084
99341
55929
83329
99435
87301
23654
6146
70692
9762
27803
3339
41127
27551
35147
33770
44660
74397
34348
99025
46429
78719
78210
45504
79338
47347
72556
72051
81237
464
25975
2504
6467
33788
6382
53761
74702
62248
48275
7062
72347
42410
35744
57497
55113
5190
76672
27628
84962
89890
64014
6868
35277
39152
68713
48948
82371
9276
33240
18245
5092
85068
28827
60740
93577
34697
48986
55281
6308
14202
81050
57603
8878
45113
39597
31032
20405
51575
92111
82127
20685
11194
3889
42714
2911
10908
65498
56271
53310
36835
1627
10032
86338
66290
12877
25551
37361
49767
81224
40661
15636
67441
90206
29586
10052
93103
43898
6082
43803
10332
84640
42732
75895
19546
99597
89426
64336
95228
76341
18781
76566
60783
21318
69754
1565
82653
49566
26813
71401
65500
41925
85927
29431
60994
10056
90945
54155
2234
20131
4341
19258
51737
96800
69779
38514
63331
37874
57392
42408
89755
70981
2577
74446
79391
61863
304
41336
74933
3132
93559
98799
45601
46527
67806
37855
92572
75636
64158
37030
11531
50739
82313
90085
23348
97348
60544
61485
68384
79551
89642
7774
60221
57400
54000
7749
69285
93084
6981
95943
85167
87764
32089
83679
3265
69546
65341
64943
89277
90331
87408
79463
89042
7851
46384
87443
46166
10863
34384
72167
86958
58337
7011
31123
33782
61943
92712
37015
88729
49311
77021
42395
42027
19089
99234
97194
31551
6685
13385
23778
34738
55948
56535
51223
80013
57835
7466
9793
73240
38019
64640
25656
57485
10461
92929
85674
64246
98698
89277
23684
16446
35399
67347
76213
42406
93995
90631
11785
27466
31389
56723
8484
54918
97964
24641
98416
93550
44988
50566
10385
89671
27127
33401
5021
87709
13857
31075
71865
88638
51185
1327
65978
38425
97983
14323
10674
62946
58237
85796
27440
92331
60113
24064
99766
35387
64922
86732
30383
12774
33143
705
87804
75384
64254
28698
78977
55775
16554
99864
99644
31441
96183
15434
80771
57581
13404
59825
41805
77245
57899
54398
53623
80880
47652
48186
29060
11648
89766
32907
50170
4814
59910
8214
27772
86202
63900
35168
46484
98115
65976
19725
14325
15558
98354
23543
52468
57474
92670
40854
23410
52188
40684
55381
96971
20818
99374
6187
76665
37517
42549
30236
92328
97850
88604
82972
61834
73236
76947
14190
61081
5889
26418
81228
19823
4590
84169
28181
3871
38164
44940
76168
6189
15771
40815
83113
45086
36569
51530
39115
12355
9909
14153
69926
21992
29434
4904
88542
93520
30739
13962
41193
58340
7018
19317
22370
9196
32084
3535
5843
57412
31963
13596
2151
61909
62343
18176
96329
67651
87088
33330
28377
59236
51860
69775
20314
36181
39399
66550
9701
54770
54819
97677
45340
8624
76716
69403
19369
25487
61001
36461
88858
94697
41145
97778
2825
59421
40225
26734
67877
83978
38771
78446
37907
6570
43519
30497
48440
48245
47326
45929
85353
4332
4295
11231
24204
71857
95639
49836
59470
14466
11196
54551
99523
75112
32008
99460
23245
93396
64522
66698
11529
5740
73346
5802
53379
14879
18350
45504
40837
99584
82726
27680
45034
23254
42568
15183
12322
38662
18365
98907
34598
77994
8973
78846
61074
24300
96462
89515
16225
54980
70060
45007
17994
64988
92978
25183
8389
60305
71267
38179
73863
74506
12012
18426
84930
1554
20183
52509
23216
62454
10281
74329
13393
80274
21696
28360
91318
71742
25323
20470
15055
36742
27929
58604
86222
6156
19562
50030
9122
90678
38494
86460
20636
97578
91993
91116
58703
70710
84617
15430
91159
70811
77314
7673
97901
56676
8287
29688
83164
44366
35700
83037
38111
33716
61044
23451
79462
2763
56828
61314
46212
15238
62918
44055
45464
7931
64144
35083
80381
72176
85227
65646
75128
9893
54484
48401
26074
55737
89858
72542
16268
34039
54680
15794
37991
53445
5325
4831
18097
14164
43501
68250
73411
10688
57814
53808
31803
87781
8913
80241
1572
51956
83129
85505
1396
72911
87669
87009
45882
51712
52655
57294
65141
32981
87846
67936
89997
41339
68143
95129
46999
77999
27585
30180
78083
15506
80285
24590
7874
78626
46986
85081
22315
26688
60245
84029
92446
72598
46343
7668
79548
74449
22883
5975
98488
37147
43083
97885
67486
74814
13380
95891
61959
72251
88063
68988
65870
40737
65073
60477
45068
57217
13982
19006
49672
40419
59632
58677
98510
70719
66055
85677
31539
49215
81745
34670
26950
92063
49312
1952
69269
339
86489
34205
75716
97604
86107
64205
54988
86512
73116
18891
90758
11272
43357
53036
63921
44361
29644
8367
90132
16207
23962
68605
68216
28395
5943
49558
184
95448
83388
74484
10027
7522
4465
22975
2833
66528
82973
36019
55039
64819
15069
82480
79525
66755
11266
59066
59275
25410
59508
53244
74631
23738
83818
2394
28479
27213
46957
7297
62287
37960
88911
55313
56042
37968
56545
49597
73670
77394
10952
17692
90861
25385
37383
88864
25113
55105
17299
50052
29257
35953
88697
4532
2257
60973
59410
71409
76166
33648
17912
96774
68163
69179
25684
56124
87088
66498
786
83837
11121
47484
65450
56008
50921
44737
29938
12451
4284
54667
97621
71237
93114
94444
95256
72454
12154
51193
33199
88216
43261
76710
97064
63508
63319
36092
2348
84868
5392
80359
13012
64550
27814
54862
33086
79793
51193
43146
89091
50689
6252
60689
28567
33047
52070
31383
40154
19393
2061
95841
62238
45069
54749
52084
29054
94482
96988
409
64389
25448
95597
64771
27612
18136
77370
12210
47452
40272
61756
89048
85167
62995
4607
7385
60926
74195
25252
21321
96696
5842
71000
64746
47861
13183
60658
11295
44482
46402
38180
33105
75442
64347
71712
90
28223
90137
79224
35438
25047
39324
35963
82761
36051
98019
26470
32107
85687
74565
13917
21505
60202
68631
84580
66313
34523
75058
35284
12685
33964
96597
30112
18909
2074
31411
34060
43941
22514
33633
56021
3467
865
49007
76178
81666
3193
36171
56874
75579
14449
16984
3482
77350
85634
91896
14829
3954
49363
13396
20888
22711
64870
71285
59762
56880
63674
63733
54038
68423
20420
61396
7713
57941
15183
59744
64852
19104
27066
88916
73310
28443
92947
44098
94946
59574
56191
14062
51718
38790
51245
49460
88961
92727
80802
64687
63870
53398
3996
44386
83961
91108
13405
23704
42971
26999
8679
3890
95765
5490
44496
51237
11193
69477
33486
90236
39770
63079
50895
23844
64737
74621
53013
2568
8594
15637
52027
63229
33110
57836
60091
84764
31908
67979
57690
29123
51242
7025
77366
37008
78051
9587
84501
42082
17647
50651
89498
13619
33969
54839
82185
48227
88241
90459
47339
57491
15464
36400
30781
12962
74055
30185
30787
50628
95992
99930
67710
72296
76687
16625
49566
1696
49798
78996
90764
50647
88789
55646
12905
21178
62143
93042
79227
69928
15375
67981
84825
92963
29292
72767
99932
69105
92986
65358
60418
13556
58414
7260
47739
40455
82677
31768
13938
67030
80403
15479
67621
65230
42728
41155
54999
79768
14296
62480
87703
48438
35124
4686
94722
10917
95530
86613
66076
48124
33304
50233
6631
85176
66034
19504
80239
12663
11718
53547
34438
25387
35660
40981
770
20224
11479
20816
94187
43112
26048
34565
20006
92043
8984
79534
69378
51210
75163
38938
20528
89769
98016
7128
51851
48861
34243
49148
24037
46181
66970
4216
52194
91091
87240
18912
54016
36156
60812
19366
62691
46555
28245
18782
27137
81646
9993
96424
73931
69495
89626
18244
34566
5307
97970
26337
86799
33936
25551
48467
23816
44184
11619
60444
75171
4783
73326
58113
47954
31571
31138
43323
36462
99854
65408
77566
29857
38145
4254
42511
45934
41736
4977
75312
64107
38225
94517
95402
15460
24990
7597
71186
9635
74558
68445
37439
39560
69539
83521
76889
31841
61968
20745
47541
3003
48962
37638
52229
15034
96504
69131
1489
2677
37080
24083
67936
87124
70296
61753
53799
53501
48244
3051
56011
20862
13175
2533
83082
66415
10396
36489
60790
15037
58564
49753
83841
1241
94184
70867
75692
64086
69759
84802
7216
27445
18851
92494
68658
98275
9483
42200
83626
44814
2156
82561
5654
73594
36111
36788
17949
13188
80022
9992
66151
58197
28378
3885
62381
60178
18197
31336
46388
53676
70402
30205
22712
91895
98796
12416
65995
38463
30928
93517
10780
53534
1231
70773
31470
31344
96584
21538
10911
12211
17069
56639
68331
68716
82540
48987
76072
35256
30705
90915
13554
47353
20114
73413
17134
50860
27740
57934
83933
13504
57649
3298
18210
47220
1485
48340
13602
15981
55566
21098
61373
32429
18689
89612
21489
8061
81877
80545
20423
44331
9213
38391
73096
71724
13592
61213
9633
7414
83252
74330
25239
36240
8870
15526
41830
6961
52862
60594
63768
82771
86085
21672
81034
26332
15113
27997
3371
35199
29579
54804
64623
78928
89076
33092
23186
84009
52935
40796
87076
16304
8196
2457
95782
5960
94240
16685
5230
56104
83261
84406
33541
73306
11960
59230
91077
83477
65847
99789
43603
82476
35586
19780
48118
18596
93257
26532
54404
60786
5026
48054
42323
18013
10020
25342
53562
22404
48141
79244
72597
73011
27892
23676
6358
823
23721
49316
80175
92560
15616
3507
54597
45133
90209
38722
26007
91385
91166
43243
42889
95808
69980
70976
7320
78500
14993
54475
3630
78611
27955
63942
81684
70800
61351
46766
35635
62300
58248
47183
54950
28472
44767
75264
62180
56172
78917
86137
31152
43253
59130
60447
86538
56332
33388
39515
77936
63563
27315
54997
66312
72524
24515
54867
6136
39509
76166
7982
88550
75795
84260
75168
51446
53386
44036
377
25072
47974
19093
5826
1487
4106
85484
60453
26344
5482
59726
28448
73167
17689
19376
39841
48593
85784
62319
27638
84876
10154
94860
50652
5154
41715
58430
82925
55213
17411
24648
45502
89451
5823
40795
80252
96309
68108
83187
95109
17465
57586
97184
56015
79320
27535
78004
4520
50281
25384
18206
90541
31587
55706
81003
7022
30718
84677
45522
23430
2655
81861
32546
49052
34238
38441
34937
51777
24231
97241
36744
29362
91689
2481
26778
36954
28214
58318
28632
32554
37581
66514
5945
92555
79139
34999
36423
35742
10532
80402
24340
81686
42841
15863
45479
65906
38599
34915
52048
2825
21668
52058
71200
5352
79941
26910
59907
60344
71093
25962
7418
5478
57352
27749
95840
62454
99770
21238
86130
50114
90849
14757
40095
50324
84660
7633
40689
61375
7275
45705
27328
43869
20472
41174
28458
69674
53280
89081
19451
7138
75957
50661
90629
70217
44552
73752
73952
44129
65296
99868
58048
9089
63032
28093
56930
81499
89838
43298
72818
56201
59705
50722
27999
20504
47446
58107
7905
84298
37963
86945
34689
97929
98269
70325
73789
50607
94374
11989
46315
4699
67338
65885
3451
18559
97677
68789
62616
70705
38892
81402
18548
1084
98660
82325
32780
28208
68612
56412
15020
25369
94898
66271
46206
1120
33354
31969
92396
13521
73667
44822
78176
65654
87556
40428
55418
30189
54898
25857
58667
47315
81626
33052
74038
75071
93918
28337
95179
74809
53413
15369
28414
79800
20930
21522
53256
43033
51431
95507
56522
9143
42599
87417
97854
67453
67628
63669
45449
47132
35511
88648
8086
7196
65400
62747
90634
38373
96510
14301
80948
35122
65739
52012
42842
46819
78715
21262
36064
26785
39969
97763
27784
42644
73859
81392
76606
44184
90338
17273
60673
58323
3474
10266
28671
77796
60982
1183
25870
18611
64304
14508
11539
77482
41693
56603
30506
98800
43281
66265
42167
78007
51648
48487
3665
86254
56482
64256
12180
40569
31545
21634
6321
6037
62486
99536
40998
77085
71813
93155
4090
50528
95335
33323
23185
86548
20802
70883
97392
21090
69850
16982
57461
62629
33156
63826
2818
46038
97260
95273
42832
62622
71327
75907
83546
59256
4893
97442
53708
19706
24366
91252
50364
16005
53179
76207
38528
8126
7107
42582
75025
90721
60474
76561
60618
88377
84264
14164
66396
5606
24626
41967
54062
38339
54500
25215
40220
39162
84854
68480
21275
59091
67896
48630
11633
1248
42642
77375
98935
88946
47327
14174
96344
34112
49573
82203
41257
74854
8543
82286
95112
29788
1048
65340
37832
82767
74081
8815
92991
32341
34804
53438
41360
26241
49991
42101
99278
85100
99365
84467
52160
64862
17500
84016
22767
12103
94371
98240
31993
36112
21966
46317
75641
53033
42011
57104
69346
81289
73114
78490
41615
6631
38423
10506
59311
11924
62509
1044
57795
11420
60775
12627
21841
61301
73405
66522
53977
74936
72659
16250
35160
76682
67587
318
94261
77837
5823
87811
74589
16666
14310
3665
24117
17889
40711
91584
94391
58622
7355
40194
14712
70248
94314
19220
52540
39708
69935
45525
49481
65376
51668
29511
39577
30131
11742
37892
47624
22624
59985
38487
75296
26680
69163
61052
24838
97100
93448
86191
83601
88711
88196
1187
56177
73191
50304
1541
53621
82548
44726
83768
69
28484
82966
75577
45277
72346
45916
57604
69434
21966
31131
3665
15912
97396
32784
44712
69734
17066
93829
98956
84680
2206
46991
17213
38364
7600
97097
38235
27859
19509
18822
56408
12432
60426
98037
58525
85026
28444
96488
84895
90362
19420
18550
79241
458
89061
2041
10625
70442
34792
16163
44097
96741
917
11591
95581
12390
73100
70511
98645
78167
31989
79967
89949
88265
75831
85657
41245
18285
96322
42447
12094
93426
46487
35645
29810
67369
82285
39037
71317
54846
67766
78825
30096
41781
15089
83197
45472
70572
49814
70528
1195
69502
5333
33552
52871
23796
35851
26662
96425
98705
23314
32554
80433
44562
53961
87928
88234
43544
51802
34803
28807
82496
52812
8756
22232
54267
60943
75702
78409
70336
66948
66618
83044
52765
55302
97804
39988
44189
27777
43766
31092
47727
3833
23197
76454
97609
18705
11879
69892
64488
43298
43710
67327
83424
86243
68415
31844
69129
70601
90533
16285
50052
81514
53622
4477
82903
98230
80559
84824
12452
89595
91398
96374
29319
61799
4563
45280
22129
1599
65227
21268
66016
96285
78449
27902
16806
59279
50381
27454
79680
9362
58037
10721
29498
71052
81741
63772
48694
34701
91723
34157
68353
84100
56634
47768
98446
88432
8806
70256
22942
7975
85497
16275
65619
13509
53150
77235
22458
77377
52376
66171
17414
70499
9011
95312
33154
90901
59788
349
21250
91623
37912
19043
91686
15142
39647
89350
38496
62570
31788
66259
27647
6018
92201
65947
98219
86242
29327
25308
43526
41095
34338
87960
30564
66815
48942
34621
8520
98028
89245
5121
1383
64064
43313
32978
79397
8922
46186
64330
60187
29956
82879
10968
88965
81009
14286
39669
22512
84459
73728
8162
36596
12380
58568
64491
93062
18718
78869
11414
60794
52461
11011
59520
84537
70054
55432
9680
49468
66972
4099
17822
87480
26391
4454
32997
94967
22222
58895
53839
4904
57921
70626
69130
29426
30435
84338
64820
71582
63514
70427
7018
76826
45019
53749
65610
48511
29919
16377
97709
44096
52664
30173
13995
70538
9078
99846
67352
17129
61074
15594
15122
89
65865
52928
87991
84564
43666
80377
14935
7642
38407
94433
64599
24285
28365
43765
7976
60660
92582
76095
86746
31911
77292
75837
67123
68511
22197
28866
78973
50584
93605
90204
47528
93379
63204
4290
98236
55274
79565
81882
5212
31242
54223
79553
58139
6752
40831
46173
7694
83628
42917
85433
51878
56264
37586
33853
12553
83490
94165
36413
46944
3260
35660
20623
66600
26193
42460
79350
13732
43464
91221
24162
4022
21948
48568
6748
14106
14558
61626
78652
69310
65071
13019
51526
25540
67857
18675
12721
25675
99500
68576
89242
41778
73800
60582
52909
35373
67294
26367
53592
92541
65067
82224
66903
8931
59566
29634
2280
11029
96861
79065
64235
20404
27583
60920
60963
28560
74300
76462
48380
1514
16649
34653
9050
2195
99261
29646
77409
42310
56488
23495
31974
55686
730
8749
80946
11873
12020
40069
10937
31624
85009
31038
22253
89456
92641
42871
51899
61222
73654
2886
57131
29587
51298
60825
97408
15662
33342
19699
60497
27045
36841
23216
22203
18192
74168
95070
21975
94176
72519
95639
46033
53764
12086
70896
82498
24840
26737
83501
22397
47714
2446
9411
90703
95655
44747
4036
26726
86252
91129
40154
65846
1034
29828
75589
86374
69391
54710
23645
39534
86635
89926
134
38891
52629
6890
53943
51728
99908
91764
87436
67866
88603
28139
31964
22020
5627
23752
46026
61572
67700
29734
37974
3215
80535
26754
13938
22143
2069
66105
31639
66458
13231
42022
30970
38675
83572
32321
80892
48117
93085
94848
30542
58524
95320
73802
58578
57166
5977
6696
45269
1756
18886
54577
2468
83164
43056
85472
54608
6802
66850
3259
65086
3837
72775
67615
45545
31165
5842
26258
76001
27228
65346
79383
89162
43036
22402
93954
5359
63722
60408
96311
12225
51685
58860
16115
12236
19725
14734
54997
90437
36455
418
64051
72009
65316
58907
47283
24866
57278
63084
55665
42659
1962
69547
20138
82110
29113
43128
99020
19733
31909
55255
1089
37665
40440
12127
34503
21901
46639
22622
48397
60030
96302
74884
51558
99165
86071
40686
48968
58494
25390
87653
38644
98375
60472
97536
36165
96660
40053
97487
90596
44439
8746
83632
98453
43089
49919
59920
65207
85461
87480
70990
47887
28482
8845
43997
20611
16424
70404
69084
72452
64214
99603
9106
92797
25274
33536
92443
88807
25769
98223
27659
4357
33936
10865
94231
79291
38522
61451
60899
58545
3870
20969
14053
3124
82504
63134
38012
74520
77441
86161
13525
11539
77216
70382
26645
90954
86598
42731
55919
58703
70237
5740
12018
73188
64796
83044
52851
68524
97132
69156
15483
9402
8869
19838
14924
37642
59453
18415
17393
95275
31391
81304
808
13333
93643
97015
12571
17918
20607
78407
78287
77382
88112
88888
98770
26352
40102
94292
95254
88947
61262
88157
48187
18093
34187
23148
25782
14391
41032
94425
5150
59384
2724
23395
1645
26499
46563
39038
15476
97017
97967
22810
71756
78601
46881
25229
32250
45464
3095
82387
28819
51530
80643
21115
64199
4222
92809
94883
64941
22119
46566
25629
55092
80688
88027
84470
6046
90537
63312
34480
8692
73237
91953
32324
84596
99448
74644
16277
24525
68273
31686
87208
99397
14130
37773
54312
64871
92322
95699
93813
58390
16464
37738
32797
70460
78753
428
60577
24438
60791
77902
98368
51233
43696
35622
79781
71900
37820
78434
84863
10591
58061
70728
59785
90615
31347
30172
12834
22966
16247
3179
30804
88487
56123
28008
95357
69485
36602
53963
21299
84092
69895
28254
65604
92644
5297
80652
94896
74062
98200
45422
43955
57225
54737
92782
36187
75671
47653
22716
49646
15374
59771
81317
52247
34373
19211
29947
54547
18770
19811
41846
7362
97937
17664
83802
51400
72878
22911
97228
67781
97391
64297
93703
29674
10449
40188
93082
42800
51632
49599
80763
32421
77188
62849
54033
98626
97128
73654
45226
38144
69611
70810
57016
31727
75295
93052
43044
96692
60557
48347
57878
34927
38553
8396
19286
28647
99567
99556
96827
56178
96541
44902
23938
42028
86342
87222
3108
11138
44685
27521
38298
72194
65609
2330
46425
74333
67682
45782
31687
47616
61336
66393
65053
3701
52875
23104
90072
65838
54619
33591
66919
71043
40980
83769
59531
78102
56500
17550
59492
85925
84356
81182
43095
81316
58175
94680
76601
11262
57412
57659
73361
82490
1684
36790
72984
29775
1252
92591
65597
5980
78292
97619
32277
78048
57099
45068
2615
88373
83647
62204
21869
4237
85064
80960
76336
21572
95358
68113
96068
8688
96552
38729
12819
35787
15604
97198
95114
94778
18721
51321
15399
91060
54676
1107
77354
97499
40174
12370
17944
93917
20614
67530
31718
63879
96487
44430
80358
85453
57459
26058
65548
48270
52035
27449
89188
4205
84504
68341
87524
89293
48574
94489
11343
75302
81376
81195
33537
28304
1468
64094
48198
23678
82493
87823
41922
73416
32417
88392
80535
40586
55546
92847
92123
1546
62846
14220
29691
17424
39908
79
91623
19800
91178
3938
79868
52810
26809
82260
80999
76052
82156
53408
70479
45176
64835
1410
70682
9301
83053
91307
89358
34023
43673
68310
67584
45936
52915
41499
44281
18825
51898
69511
96891
81840
38073
88499
95359
26835
85481
93142
33986
62829
11118
93251
45985
94054
61075
32017
56859
53011
5257
77117
92584
12051
80520
8803
77659
38043
97
66452
19672
7842
69696
98065
18169
26111
41128
48659
36582
95989
62540
1963
77470
40823
10106
90502
2657
73275
89500
56217
10972
49879
12233
96738
33810
2179
39042
50372
25405
55398
52846
23319
97787
36746
79467
76922
45494
82625
74343
30268
78101
95629
39688
16227
29904
79009
49249
95457
72424
66889
54880
77274
69757
82374
12076
39766
10101
10854
88437
48542
50967
13514
51912
39375
80457
60179
4331
3363
64099
42374
89609
64643
66151
94161
33901
51619
75170
17978
93885
86245
86109
19403
72393
84267
13133
33690
30037
91337
18717
81806
71356
24964
43077
12154
1382
85810
49406
80938
58978
96165
44710
66665
19724
65331
41042
43223
31803
85948
16142
83350
28477
79730
92855
25256
17523
62068
25035
93716
63110
72368
93418
96294
21918
56571
30906
48750
76653
25950
81844
52170
21997
39636
24976
1394
64050
27930
43322
54442
61456
22561
53522
64624
52321
49485
71484
80090
42408
87997
21126
61078
22426
21562
34758
77379
6980
20209
889
83554
43127
5779
80873
86218
91781
52226
62655
22823
87189
25763
16003
1657
78984
18691
39230
24259
28174
63014
89041
30719
27586
11979
39446
83351
96288
81069
87455
60172
34520
68319
80234
49697
55563
19492
56971
36030
73704
21075
81340
99359
14751
6627
37442
95438
57022
9963
11235
33439
57524
55146
11538
40326
37381
63938
65271
46521
20448
57938
59558
17812
77131
89148
37547
48081
70276
10120
35266
40804
38477
83767
49628
88018
38036
28292
56148
34828
99499
62199
48677
24803
42240
51575
30906
74478
28558
21491
92471
22171
93335
22843
36069
11673
12104
45995
47269
30558
62878
76585
66941
57972
46197
55403
4025
95508
2356
51544
16801
60424
52854
36850
92659
8521
64879
94425
33320
62938
52887
35016
13417
2655
91893
68752
92673
20693
98530
56081
57399
57305
89597
61021
55831
52938
26343
641
32622
74775
75168
45411
93275
6270
27349
23028
69784
48466
37560
6130
52264
77336
22612
62076
98151
5951
86254
22602
43999
4709
13857
88625
11327
66334
79668
24632
26083
43282
91591
58668
37798
46201
79100
12494
61068
30231
79438
98983
6
57943
10274
14913
70662
81208
26760
40182
87492
22583
36324
91560
23137
54933
26923
59409
10129
37973
71356
53409
85172
32085
50178
51084
17167
16627
41749
68233
1012
84481
20723
80731
67729
88579
27505
39695
78538
61959
96529
35107
21045
69608
25706
99646
50187
90019
42140
31309
40778
96124
58699
46389
1340
68008
83072
96316
27213
54338
51280
66206
56544
8386
54484
88765
53962
85756
42377
44448
26249
45911
9389
87507
49912
58556
48243
41807
28564
22771
18987
27143
36374
33456
90046
3885
14912
49730
46345
16178
46262
90719
68596
50351
34515
78722
50628
48499
41783
5629
4762
70796
18346
86028
28195
97794
30354
18339
63658
49146
22926
53658
65085
15402
11061
62685
18294
98696
16487
9295
13664
14210
97163
52664
35267
15923
91362
44184
89021
39765
35827
72935
3202
64499
88974
40888
23425
47626
99242
48765
68692
12668
55841
28515
91298
66333
60099
53208
71956
75779
14548
97061
84200
81884
66105
49305
79577
51264
88981
86140
75008
29631
1831
14201
31819
77865
81039
76106
99765
58072
29300
56156
40564
54660
92047
2503
96268
70131
41271
3400
95222
86441
83446
11315
84870
3386
2742
48620
50025
2977
89824
46345
44600
21312
59910
64535
41482
36765
51415
63319
94209
58977
13325
81069
45040
78603
18906
25007
75490
154
44001
67702
83656
65441
79218
40660
91620
26194
92259
29937
15840
37391
27240
68877
51340
2425
8227
52296
29822
70400
46379
94268
93845
37963
7314
24300
17930
28368
28593
58817
20550
30213
97441
10725
26581
16450
3463
36175
88331
84452
56032
51854
5993
87820
31016
15620
30559
53452
24683
31940
98294
50090
7060
34816
84680
74173
77228
16151
83058
19668
37560
82162
80890
11547
44452
2889
94040
59902
43076
14274
13623
43060
78509
19232
35625
79333
76198
91414
23472
89732
6879
36310
80630
52047
12091
53601
38864
89590
29616
20097
61126
98920
46888
16954
71515
75176
43523
96874
79873
56768
33076
10715
25734
34593
99720
97423
47380
93040
9692
48863
97749
42670
80496
21495
61532
84906
71070
87466
99430
31017
77710
33981
36681
8978
9725
5964
33560
14450
2863
63877
11106
69451
47444
64208
2122
89425
46271
82692
20683
10640
40125
98372
81660
76927
62808
60212
63154
71138
60719
91035
81475
5376
95519
31682
12021
67942
95979
33069
97265
90313
94089
89616
31528
57374
73708
85767
12585
89011
12199
71511
61403
61548
65844
80345
5057
77156
42773
8503
90234
50688
90134
64450
16715
73336
29330
54058
49980
36171
91370
79939
10920
35341
1514
50580
13232
91291
91552
9754
43993
29723
37775
8243
63428
42234
40656
41446
85356
79732
39153
81198
7157
99873
71443
93783
13001
61079
43377
22544
94102
87449
2084
23309
1646
71047
14573
8413
6594
64938
76120
8768
67679
88190
58064
10600
96300
2666
36222
15981
91631
50070
2454
68743
95971
67849
51428
8606
76809
602
1066
73821
83462
14730
37127
27661
87347
23016
40157
29013
52279
36945
37108
47648
3108
13350
50094
28117
54602
35889
67148
39322
5662
35945
62681
79004
40374
29553
21140
38720
47475
58590
22382
53240
46533
91672
69545
96245
58858
62811
25822
81961
49955
49140
86953
40624
21553
37074
75600
72001
91978
6479
96363
28970
66495
29352
5868
37329
91000
97895
23087
71566
30279
32490
51447
12781
59170
17507
36920
63601
55172
98708
94207
78871
594
96416
34505
65261
69679
87137
8974
28864
26242
45469
81748
48252
14733
17116
84828
18955
60190
488
53174
4365
81658
19910
91892
29442
15734
32613
31913
78049
42210
1801
31585
39682
96815
83457
58510
39935
67179
34456
3184
7870
51912
14652
49374
69010
35815
61814
35213
77773
46837
72418
13389
18033
32545
14368
34343
44812
48540
163
15846
79484
13265
39756
26310
76681
84354
51111
50879
9122
33595
9003
35584
71855
99172
13861
18240
46862
43352
73162
26898
13387
28384
32239
69078
18418
4181
76804
15044
72984
48044
57953
62713
74471
68830
44142
47584
64085
36062
95805
87273
12065
2698
24153
18450
72631
60248
85968
48066
97820
10945
10627
69472
8733
8259
92424
4404
8343
41036
80061
32784
52966
37169
21651
70614
72431
79973
70887
27335
1484
8472
10518
90710
89567
58364
89302
91590
26418
25028
10900
54499
34385
7523
27598
39112
56386
26492
49097
26357
35876
47420
99471
953
91191
77300
75491
73719
80318
20327
96987
24146
43109
90454
35818
7415
2054
89273
13885
43080
50283
15037
86982
34435
49433
39129
78490
9438
35476
20977
16960
8163
67666
48733
64091
25115
18064
25206
90360
16628
81556
64364
83948
78239
34736
68607
61206
41262
55766
88395
74720
20138
93731
31595
95091
45960
8267
76655
29427
1391
95681
22872
41727
11409
13081
6555
90293
43265
27792
30940
83236
51610
6393
18366
37388
61164
64353
7018
24096
42923
97604
41126
99017
26095
32787
37057
51445
30114
75028
81121
66868
20550
86748
23401
18419
74731
84722
14315
17503
78187
37480
99906
6372
31562
48119
74759
36304
24376
15252
56900
45557
10636
8127
3346
75445
79723
5086
87503
84883
35934
97178
38074
50773
63361
34199
88359
16839
54134
50198
12985
49447
74455
62713
68308
36110
47561
7635
24625
43861
11275
64128
59525
24916
50781
19238
34834
50690
75791
69117
4205
65365
68039
2324
60151
7235
44726
49795
79949
84867
33036
36122
14405
85040
85330
88979
72410
89396
88464
60163
45296
62241
58341
46412
49450
21116
1016
23324
86617
10938
42666
98729
51595
98048
54156
35067
40677
41317
55981
2076
55789
70106
16975
87319
48905
12562
86072
80816
19164
75656
29754
2737
44693
9012
91122
46419
6678
99626
67315
95776
33158
6582
29881
83151
30147
86736
62960
51769
55506
19536
34697
5142
61991
61497
95557
9518
15369
7301
36651
439
79725
53378
64221
50877
20108
95822
14687
76816
15432
47557
6390
47627
69721
70833
56503
95733
4122
5481
25322
43634
31248
15225
98909
35020
82683
30540
66187
83090
31483
4469
81098
96514
15579
66972
95724
90422
23411
74977
89595
60104
92760
34365
71721
53127
36254
7681
13274
99963
3460
87566
39165
68582
6479
91541
77346
19366
35984
16793
71297
29098
64775
3085
75789
78025
6502
81549
99049
50395
3386
99393
69936
32479
58463
72794
18730
34420
86641
28672
66553
55423
29044
99942
62976
70752
36833
34725
39247
86276
15523
64519
85827
92273
3173
49746
57919
24375
66723
42371
92305
45027
40911
79866
24759
92981
83183
95859
50027
80133
