50684
56099
96597
40302
13217
99576
41644
26822
33321
50163
38892
87116
97678
59225
46847
47405
98296
8583
34710
20169
55054
88189
19910
27894
51408
74936
59644
86591
3910
793
6060
1695
45195
59975
22889
41257
50096
36094
6111
54346
45417
35171
21210
69427
18596
53227
96020
15261
22944
24379
25087
73742
34230
78115
48265
78676
30003
28820
53071
26067
68932
33631
26307
12351
97201
63431
23943
54163
7266
88695
19332
56144
22349
71079
21255
31630
14919
34826
72824
32067
94012
44979
79564
13211
31543
97458
49819
3601
44069
71354
74821
1956
41508
80849
7555
81292
95489
57514
65775
79000
24951
58393
96207
9582
41204
23753
94913
65783
18184
80942
66127
20338
30956
59324
20303
2765
85289
82642
12109
39155
30456
16964
885
23287
69264
83475
13418
82743
85965
33349
11202
41890
60898
80133
82597
8491
37501
55051
90318
95092
25196
71742
58378
27522
95882
29834
18990
6348
51195
40795
97197
21876
53432
74019
77394
2306
40109
41383
96958
51558
8927
11635
65658
74220
34732
78354
46261
21964
21486
49847
1980
99840
89565
28948
74403
29100
6661
49107
22332
98232
33804
31152
48938
90460
65690
46941
22488
8503
44732
72492
14164
6504
93798
81674
37116
22982
87249
16037
12276
69720
53229
43917
77444
37690
31685
33710
76621
63051
35975
80543
56053
41921
52290
89286
71134
45249
2555
50240
34533
66123
83483
82629
63050
3166
216
42163
66128
90801
43865
80566
60653
84346
8409
51332
11805
28997
15241
7612
97125
25444
73053
59839
75580
80502
48213
8421
76361
75842
18623
63450
66067
22899
55214
40242
17506
99609
79682
74175
9101
8469
49444
79080
73492
26257
13091
76452
37878
68224
69291
40695
25770
8073
53943
15698
33880
39559
11206
26945
41242
75895
63969
59029
97397
88032
26032
24592
4950
86688
37993
80815
17615
18246
81846
89790
46976
57202
46388
84375
50920
97396
84331
72961
99247
33271
47833
59398
76018
75955
62832
23357
85560
32727
91943
17240
47836
9990
37837
80634
94285
55948
1534
42145
11229
38281
95368
63691
86016
36303
591
35696
60542
195
88597
98122
6264
58609
33578
87232
29892
5207
3976
86820
95885
80811
36033
13314
14059
35982
42842
82960
16950
59854
34529
78184
66835
38346
24630
27981
26836
76005
60569
16384
75992
37432
92496
43539
61958
95666
67008
20770
52640
87733
44567
93670
92009
33626
1840
51397
83078
51180
713
25501
62724
24863
44728
36088
64372
53815
65731
76722
36496
19674
43278
91425
32387
13524
9954
21875
93062
91255
78273
42266
6635
3821
75713
78645
86851
10038
39237
75704
78310
49858
5057
54424
62938
71312
71850
2832
30656
32049
90152
58186
3299
94313
33289
68830
37182
88452
96159
87816
50212
17325
98090
73615
71677
87132
67576
29621
61425
19192
53277
57711
47992
77554
45060
65659
8538
17025
40884
12025
95387
42245
57956
58084
16687
5999
96606
76873
81679
30590
77994
53186
20518
8506
92848
41308
84196
65972
3856
97515
57424
14007
24
39571
50441
95170
78671
15757
54736
7422
34951
20658
2220
24940
95914
1280
74882
2759
45449
60932
10561
8596
39166
90882
14256
46870
85593
524
67787
77300
62625
81777
44374
67005
26989
33347
52659
59674
95710
935
32247
67149
4086
65795
41523
81271
28430
3479
43510
31132
5413
55544
31152
59645
97222
1303
99729
16611
29215
96765
2992
26244
85370
81273
30131
63493
76298
68026
45323
82808
98162
28784
93185
54108
95608
21268
96681
34724
50400
94396
15281
11361
44730
53834
65564
79343
83045
25323
78894
35688
12064
81579
11363
47523
69022
93599
16929
93835
153
8199
35675
8033
85611
54460
65760
16141
92036
75710
97116
25509
48244
71208
8367
97271
94443
76361
94889
86896
49810
18190
51839
41439
46047
56406
15363
93619
13948
23415
61924
97905
71136
85109
33954
56446
11172
78949
12781
49609
85352
29474
48741
32063
51407
82874
74875
37403
91614
39225
71431
73410
47928
48410
61626
94402
24884
9579
40443
9636
64230
96846
40386
26533
59928
34730
55442
76515
55696
90815
55270
32300
86710
49317
36599
33031
50807
87445
15908
58196
87406
78757
62556
70974
49607
84852
25074
4333
24484
19285
5208
67600
95754
61567
33658
5311
56851
89848
10432
6908
87530
59420
88363
49089
43066
73533
87844
72420
43237
68956
62643
72048
58386
92192
19120
41602
24464
44541
44145
817
44175
83372
5839
73180
85728
38257
91957
60769
85040
97635
6539
27705
11306
59643
79815
17892
28690
31511
38530
66198
72173
53801
71269
56777
96235
8525
87113
81836
9823
18983
79590
15969
59191
27591
71317
29821
23758
39152
98094
65508
98191
68052
18482
53779
68550
56989
91831
57306
19546
10752
97265
66625
95921
3142
74154
91180
20298
58409
25028
87127
26270
18923
70564
55993
69812
96933
7681
45189
58576
82245
84897
97872
24566
37061
23860
43155
4876
46428
25146
44287
94568
63525
56878
10060
19621
8448
37741
7208
68083
88818
60566
57394
7243
77662
60244
59570
92565
47709
67729
65803
8447
90263
52837
83712
5139
83762
94294
50572
5312
74984
77275
90600
84582
72973
76156
6488
64348
74971
41729
82109
64867
47417
39105
99108
89581
57729
69645
41783
99629
15567
40607
31394
32050
40323
83471
77910
84656
20079
81140
39521
11702
91786
47163
26782
93906
99087
14483
63303
6849
38373
83302
89797
7036
59319
69258
4420
96403
59027
4238
6951
85304
33058
77086
28716
80980
86986
18782
1332
67641
2175
53875
24006
55270
89661
34395
81978
85388
33846
67906
64365
838
30116
93028
82689
32289
53509
59229
23986
1976
96961
32037
81745
14779
81833
91968
19555
17841
98080
5014
25724
40650
24524
12824
75840
67670
97488
61061
41454
19005
20764
57273
39303
85347
72772
84983
45651
20991
18575
8430
54581
93297
74265
65916
54436
10982
12906
20825
76071
38359
21886
16506
13555
87837
8167
50035
34440
85291
43525
25924
42353
24109
56364
62584
30959
66429
47560
71222
80150
68798
67472
37688
49282
14697
94155
1568
78417
28388
95127
79825
95364
50970
54156
16429
27084
99793
85490
84707
75578
2515
88163
65912
57556
40289
99223
25767
48915
22603
59975
40140
29410
12273
27813
16441
40079
60727
33497
96923
63464
14439
54473
66923
26934
86764
70359
56401
2077
98365
69717
8676
48244
35273
29650
75503
16871
93594
39971
74568
25039
71210
29512
40278
95353
66546
81010
36620
6244
20198
5637
90752
34712
84177
62674
23217
70892
36218
47293
69490
48979
964
50779
78766
9927
43766
93882
40223
91073
74648
23494
45328
48694
11633
56699
19128
53685
45174
56586
31428
91388
53755
48653
67204
86575
36043
77372
57571
29074
15512
72835
87732
35988
56500
60598
27740
30624
4065
59746
17919
41147
37695
36960
92901
80059
72539
19499
25425
2801
77246
41292
35105
13375
37326
31093
24174
18838
6754
31264
70710
71616
22167
75474
52612
37147
87043
64043
91393
14723
50471
76449
46534
23493
47500
82002
13794
26627
38027
92941
25110
39556
70387
20682
20371
94831
54721
69064
19703
90464
31838
22634
45778
57533
2465
26783
47013
28199
30661
62993
74124
98350
58804
28682
19046
36402
82422
97666
22350
91934
63119
17742
9924
80836
33688
40240
41341
96711
71572
94714
84934
84911
11677
10010
55233
88855
47439
51438
97773
97178
10278
68699
18364
97526
85256
52536
62662
50046
4178
22666
6587
527
32080
98752
39786
16110
79003
55687
70017
67374
3674
30418
40699
87008
87171
29370
51624
42805
51679
2222
48884
1705
73370
70573
91354
31821
61217
7378
8170
67445
35912
49582
89810
30284
18906
26142
32113
952
8561
17677
346
27001
82530
42038
58378
50325
2740
41883
48749
91699
84092
32775
50169
57421
39661
11605
75506
25106
10251
34869
70352
79049
36011
27774
39935
55775
42146
30690
80013
21046
1761
36323
7175
1685
24965
17062
51360
62118
39640
94350
51404
72453
81622
41595
77962
29179
9874
26022
93221
99043
87208
73081
57400
30385
53472
81153
15840
17074
76948
75862
37228
43163
66054
69711
22991
31027
6900
40619
21955
15449
22877
54513
90113
20056
62128
18997
5879
49706
58435
91676
50553
2046
49086
31270
65274
51178
12283
45703
97638
50323
24604
85144
84513
74699
40039
65348
43906
65837
63041
41072
49351
67693
73451
15502
71033
25734
67169
10923
77328
38962
45772
83635
70711
10241
3190
7678
88875
74484
45946
59187
57688
47615
19336
1781
87211
69946
71731
40276
32064
16859
52574
47053
97564
73335
7530
19456
85817
61324
47827
76997
19052
30332
25429
29908
30659
30166
50373
3339
15052
12357
66613
61514
58974
89363
33601
46321
68418
64280
50287
31701
37403
50681
92089
2690
49634
31449
22243
90378
59658
71477
62177
10912
5380
39001
18347
14996
18719
32612
26127
25767
51223
64022
76774
96914
23703
46096
52568
73077
97904
42018
34642
55283
53615
83777
16726
87454
68393
94576
68990
82274
29508
76600
66467
90511
26389
76978
22232
27234
72205
68437
7390
25127
81632
36211
21721
2867
32779
21079
38261
15284
38273
26334
32134
62122
90593
28911
70941
10583
96843
94438
91451
29776
5860
1586
17878
88933
45748
96974
51314
68201
51387
44760
76333
92583
37171
50516
17778
95174
95629
42233
41691
44964
1179
67132
43794
25289
13862
27872
27275
25191
27032
64017
47889
60581
25511
88967
7267
1831
3565
60584
71006
76182
3458
24819
87295
32392
40891
9476
84527
29190
88957
45531
3449
77007
26257
26980
52539
68996
25667
88648
51213
86627
49625
37615
7877
99859
47450
2648
95590
196
73748
41041
82772
13231
28816
95648
43044
60362
99686
75882
26202
56512
31577
92430
809
85586
52230
20976
75580
25863
21133
91849
26799
87198
35149
30607
79339
67261
49971
97328
31489
67490
6742
73793
10373
2757
5704
43511
41968
84971
6128
80406
71605
63393
49991
1311
60743
28588
38435
12661
17545
63214
66408
86411
81608
42783
6034
68570
45198
69794
26237
31845
15614
36727
31483
11625
79346
28323
21082
38747
11597
2575
41369
59050
34168
8608
65669
33131
3204
82239
2231
98003
95254
31097
18826
871
68110
33513
95628
90942
79576
13305
94691
52392
15884
819
33716
23092
19772
21761
99502
6583
91823
82032
60769
53764
23113
94413
27965
31960
8097
28498
46550
5112
80857
34459
71322
62078
74408
41308
18490
41956
24953
6830
8004
96902
98166
3774
28390
66328
47367
4144
42
9638
16142
84576
56637
62612
93932
33048
13188
25015
46137
74296
26687
81032
19957
52820
94966
98282
57084
18306
97339
94923
17818
57302
72909
29180
2386
83723
38971
51757
43782
38143
50048
8416
66732
47490
7759
17618
88186
36972
38331
7370
92996
35188
5360
1566
65525
21481
20880
38951
72715
33313
13081
78611
94684
57610
29937
56650
65597
66851
26299
91825
88206
18490
55163
62308
77438
82323
76726
65014
76529
93356
16290
72462
15649
42389
24830
65836
9438
81585
83349
1764
79361
90496
37047
80888
32796
4698
44677
72373
41392
80851
40455
88023
96096
19954
90606
71747
58095
3764
52118
17748
34391
8998
76826
78188
23165
58977
98125
76011
57561
15354
72779
12687
61471
15610
6116
42050
81994
21007
47023
27335
62704
56256
80727
34922
53859
60227
90935
40788
24078
30988
44731
66556
50347
46387
78447
11253
25930
4708
37708
23558
92270
19860
86151
36388
29224
9973
4515
10268
42839
62056
20438
82353
35669
43092
4177
82508
62333
40323
84642
39856
80649
47755
68599
10841
6905
57303
68503
66716
86998
6859
57483
75595
88689
41838
83746
8655
29300
38373
13810
71788
52316
33403
52639
58962
55783
89342
23077
23557
22366
35034
40057
469
40574
53217
19990
92348
58610
43630
90228
44422
89876
10282
34428
10151
90230
49179
60550
62702
34769
17945
21455
27227
42926
18142
7760
11629
71907
35852
95204
32684
51271
28664
1801
51901
3270
29941
99610
28123
52864
14499
32394
49857
57974
45208
85339
66820
75670
94959
71905
32674
18530
84917
26787
97968
33116
81424
7790
63843
91834
76856
57942
2489
67101
78027
52862
75777
2746
85455
28360
23019
93195
23688
61281
421
71497
48819
29478
50841
80697
57893
46133
93898
74853
56624
30757
29760
99698
2055
97241
19945
90265
63593
64024
42287
45961
33139
1661
18891
32257
30156
19950
14649
68826
92739
17425
65422
1638
67267
76948
37151
75030
19224
45108
62050
55915
90756
33422
76321
4465
4412
47933
3770
82299
40429
48292
32979
41439
68425
11419
62578
69433
68612
83673
13715
30023
19054
47703
47384
68435
8317
70800
54501
73700
93466
74280
84950
9245
78637
92600
53926
41873
40917
70908
86792
11619
23244
50035
33846
45995
5955
67324
99054
26161
87865
25899
65311
85788
82949
82596
89380
63758
36980
86344
30610
60318
85294
81984
73595
10962
84009
223
99307
12781
88748
38894
12681
11503
16748
20980
85902
4708
87667
19837
62942
45898
41148
21669
34907
83056
3699
66774
11797
53599
92004
18134
34067
51124
14745
86936
82215
3770
54826
87644
28067
70635
29430
58124
34232
9256
89800
1962
66230
12642
85720
24596
38780
26920
83266
32083
44459
85042
40512
31646
28700
31881
70034
60363
8997
94044
47693
28905
23535
71349
10673
71425
74705
52570
85575
66142
45447
57761
90040
23819
67577
4172
14045
99746
44318
46549
21497
79508
26542
87981
66155
51893
98754
36444
49924
17683
98513
69483
55283
29220
98463
7644
92434
10141
95027
58077
26170
46843
47787
48060
76566
40491
13921
87623
1227
48176
81963
12089
36663
58565
98274
99799
41311
1210
87111
65382
74136
91619
96507
59949
70070
99420
57213
24901
46223
775
28052
77848
71407
61917
71346
99036
76663
5361
45574
43844
36492
94536
1479
94607
67385
33906
46197
75182
42230
28077
11665
27124
96031
15871
75515
69563
34878
77271
81762
89618
472
4961
54666
13260
74270
70384
76728
50474
46965
8078
18433
92047
77757
6762
96480
44402
72090
93724
25287
72578
83846
38663
83771
68169
29520
76116
27215
94378
77404
39582
84947
81973
80684
23150
71468
47128
30665
74750
36838
13856
13259
89627
33811
70336
48869
30404
50733
14881
73714
41665
78602
36211
31093
20160
97793
79457
79256
65810
48648
29650
24267
24040
88629
89443
98215
47255
99769
76141
73957
48746
95462
61721
3899
86260
91683
65272
75232
53006
36093
34492
10503
3861
95564
90761
67392
17855
10446
33260
65032
24826
435
53257
22969
36846
78805
29318
68277
78917
19756
15476
58254
72155
58305
14563
10939
74599
21336
53414
56841
21628
81550
64182
89453
34949
46393
12758
41104
81606
87483
22240
38473
29191
63376
72450
1554
84131
26490
38448
82114
54032
23847
24104
26552
93509
79650
9822
44191
62395
97379
50911
19002
62537
68531
24105
9192
76550
84649
37568
78241
39396
32845
18917
90824
45939
48379
35631
50628
41622
42150
63482
95460
703
23822
94773
86384
23441
46011
12919
51901
72681
61682
69158
56543
53094
22230
24241
76501
91911
74722
27382
54547
93786
42627
25466
3517
51856
15834
60355
26776
61478
62304
89461
6712
46235
28599
43956
88748
38783
47734
54447
59410
21221
34338
68127
4671
18159
56104
93030
72355
17941
9147
37446
59236
3554
13282
10370
77132
55825
51123
46494
56495
81863
52809
22138
37162
42784
57262
74595
26966
58000
32976
83884
61105
88253
94672
7222
93705
50393
21136
69490
18554
58334
85353
17481
17792
46197
12534
83108
32617
9484
67213
20070
93055
4158
99758
92372
98677
91547
38078
13603
33261
30902
53745
92596
31941
47048
415
11383
99104
67082
66338
944
4230
23972
61983
38040
24747
71782
26846
59638
26453
65160
66534
5005
19366
99924
98013
55678
82702
88067
86137
51463
67400
73167
31652
17210
95719
35528
29511
83388
95445
44425
5830
14104
29144
13769
65723
46006
9903
81957
8059
46175
86795
77014
83503
29875
11339
27640
45410
19078
19541
45307
15446
59885
52593
7044
50332
2867
5316
95181
21547
12116
14203
26971
59027
27090
18083
62828
19997
7559
93635
15499
29737
746
70973
70663
70443
38517
40010
6749
60466
64330
32973
34941
20537
75857
37703
97755
72774
89820
2767
34473
33969
34075
29686
59897
61924
70580
48731
3557
5143
23098
83458
83673
96646
17198
2675
26210
87573
50678
58380
44652
90226
67911
49543
15200
59219
81518
25546
98463
38629
5698
95060
41248
2794
98689
9445
83731
31339
44576
68347
17032
95152
15644
10447
85378
24830
14973
30894
47853
81176
94490
87105
62345
74333
77569
69528
61963
95086
60297
32043
53778
11037
36772
62772
62798
74178
42399
28891
46507
16441
63327
43820
44694
17643
96171
95358
82976
37678
60673
92969
36859
18542
93069
93501
83990
33558
21706
7102
7399
72870
75614
39338
90522
68718
89321
91392
65406
97616
73401
38667
57357
18952
99954
94753
27906
28833
22575
82313
78813
45074
42058
54103
14990
12843
31930
75716
40430
87335
32511
26173
71367
71412
16569
55729
48787
39564
48046
1410
8329
70316
76490
6859
52151
34355
75430
20659
71622
57057
51427
92313
47535
25664
56790
68447
53653
14557
58603
42143
50556
77527
68973
26233
48796
3800
42914
60240
11025
6350
39587
8388
39647
51642
14922
92841
9173
20792
85808
87980
88760
54678
94058
23175
5126
71253
19461
73781
89704
16734
72726
82541
18522
65940
28003
30860
90365
91381
38298
42560
59182
46189
52768
53523
61594
46667
39295
14771
30110
3073
37840
19373
88751
24651
47457
34865
44804
44666
88505
11432
63042
4693
67154
58535
33439
22826
72722
49951
23676
49110
18371
76776
41455
47333
61540
60741
88968
18862
75145
92316
72539
6083
23424
5221
20802
14992
20466
40786
23424
68504
66512
77663
35871
19924
58554
64005
23938
93334
71074
63713
41442
22981
71937
39107
44474
29896
57904
12768
19007
17656
38434
29097
82823
44350
29447
47785
62287
56320
62367
59625
45573
60770
84571
72321
81838
88655
25646
39966
32335
15490
19532
94787
81844
13999
53716
77438
74375
63870
61856
21117
81457
50560
90542
28505
68072
134
5319
2697
48107
8936
64918
44541
44627
44108
84857
41223
73199
83255
37498
22576
31644
2120
55804
22464
56074
7450
72874
26207
43419
57248
90406
41915
23140
75345
63291
76375
13121
25751
16498
43138
53934
23841
47739
45797
85475
74591
33947
12897
63513
93516
88295
4287
38837
69841
1292
30459
55050
77803
96255
82348
44492
32604
34977
38018
4552
11353
15173
74771
10598
98060
2059
56194
85203
59608
33676
49002
11181
8307
52389
99860
43321
50810
53431
68337
71519
18245
46160
52741
9813
74173
53105
25315
25305
88813
64098
52539
31381
53960
95942
57923
21099
92550
60965
40349
91797
37184
40894
82792
96676
2134
56512
89204
9280
23652
71817
62534
98683
47733
66280
7645
75907
84597
21550
18583
24051
92168
66952
98511
12750
28167
57953
44175
4211
74361
67901
52383
84063
3580
19267
84475
44229
50629
19725
66371
40448
8098
61330
96872
22379
20985
1695
99243
11255
21364
3579
68777
82270
8653
49514
4861
32796
76356
39072
70355
48948
63965
38273
74721
46115
21605
26156
55060
33274
37888
76089
43393
81544
22108
95605
60202
61830
13693
61582
59945
20271
53259
42215
16390
90546
47757
61641
32220
92402
10401
23582
9660
38577
22804
58463
42640
6878
605
39689
41273
85994
8621
20500
89303
33388
33222
43037
69189
95782
61168
14359
62022
72961
37386
1071
87199
11880
82812
47139
64376
64324
61687
27226
65502
17176
48093
26605
48168
86624
22384
77208
14478
91403
23154
89386
29070
25310
19096
66285
27272
71866
46925
56541
41992
51493
48917
2952
58026
62969
37953
85301
55918
99343
10139
56532
76767
53066
3662
69088
63347
85668
4305
60446
31100
35012
99428
97401
62475
87253
65508
66249
14814
24093
52633
63535
21438
3339
13295
71761
42694
30296
34936
59464
57483
88800
42418
28269
33793
41485
80804
34602
85549
88948
96185
15455
15123
69235
35447
63842
58087
61417
61836
37957
83508
11764
88114
19761
14615
96937
76885
27878
94154
92056
33361
54579
70391
49512
64556
35756
87731
34962
72783
27498
74335
40572
10025
73493
67263
25768
75997
60907
34129
4264
92496
62005
48180
15139
84954
61474
61306
14172
54363
35207
14174
78271
80348
83723
43752
40439
97612
61122
86669
10373
99878
17401
68893
27215
21087
78832
32680
94627
86086
762
90595
94892
80509
6161
38054
49490
54260
67564
92427
38009
26645
95781
55849
28464
42549
81029
42222
85891
59507
44346
37683
88148
59168
64454
90166
2141
72385
21215
89482
9709
84297
24680
68677
34690
55942
56955
54288
84826
92291
5141
70455
50730
83847
7022
3323
29841
79613
81521
49566
7824
31990
33300
16848
99903
44595
35330
62880
156
74289
77781
61789
75545
48823
92498
32048
66007
72284
39586
92907
11743
84575
2890
98695
9925
30351
31246
61306
22005
56347
41707
62151
81283
31803
94358
76624
88450
60870
157
49406
64725
9300
39207
40176
98280
20797
5676
37091
90540
11526
73600
56198
64235
14206
77404
17303
69131
88018
63930
5414
55572
32934
44089
77283
92004
2595
8726
13017
87231
58340
49443
9245
26001
62245
60701
77564
15901
51278
7151
38659
53780
24501
83634
81144
26906
75571
9788
6985
56515
12073
13454
74749
91498
89711
25282
12035
79235
7215
5877
75609
46502
50725
88108
70932
33876
59046
43016
93076
65812
32598
84548
54116
85770
52807
81697
45557
4639
11249
78697
3377
62024
80424
56859
61195
95839
32218
45209
94438
64327
21153
56933
98282
46458
59194
39813
328
11266
14953
57054
3558
14403
45172
55083
80879
98221
93960
98788
33985
20204
10787
5832
65735
17758
38663
22392
38223
14338
84585
70916
6856
97611
59104
5323
37181
22075
83018
2624
66641
53210
27155
79743
42221
92386
83443
315
47872
68721
75077
86943
41287
90344
32664
50799
73492
71854
1079
39160
845
2508
64356
50908
97518
7477
61908
3594
89732
98907
19126
48919
65410
43059
19883
40891
5167
43888
52096
470
15824
50361
40987
8912
6499
21573
9869
1479
32834
72790
57107
30694
85550
41738
46283
52655
63597
6311
52800
90045
14560
81296
42376
78325
45013
33929
30828
90527
66236
65738
24430
67704
43704
42760
67077
8556
20698
25739
35170
47937
9388
11228
28155
12521
20746
43607
76557
46662
68781
89381
82415
71142
31636
46629
57819
97248
12014
28698
30636
87367
85446
89525
91003
41386
71883
77443
16947
47355
71522
93550
14257
45337
44882
80954
89410
18799
1174
97062
44218
89058
99205
56361
24338
97068
12958
52191
97152
53126
55276
21437
59562
41609
52696
72091
55438
45856
56808
29410
10634
68076
90785
22939
55080
36260
66662
84430
48885
55306
87339
96024
85923
18487
58294
3454
83235
88338
73900
10157
75846
87511
25558
10418
35070
74251
71625
32302
71190
47810
88724
42318
37660
92530
81422
55791
53815
18600
855
48109
80745
60171
51848
77477
73237
66928
7411
81331
38092
9180
34842
96318
22271
37427
26648
26971
11379
33088
84090
7855
37404
49607
15091
41202
34617
91886
66697
38841
49942
71800
53803
7455
18029
50160
73205
11056
4680
7545
34799
21090
33971
25843
93813
97170
1340
20807
58174
50341
26331
46420
56265
3417
78703
19486
1447
30583
76049
82809
79706
13730
50138
11111
10587
30960
24905
18756
73082
326
8641
41634
81425
86928
26457
19766
64157
29005
90494
33943
62711
33489
64111
69757
69
94714
80424
43350
3970
43976
18634
12939
70294
69768
63732
76534
27360
53557
42239
17149
30755
10972
59712
55090
17091
6231
34865
34429
46575
95823
54995
88530
59238
58719
71430
56563
69213
61966
49093
27311
76908
96701
80794
76352
67440
87435
44763
2303
75255
10165
20662
93041
43945
32964
89258
71260
25983
20978
70303
69213
51112
64824
9307
43837
24409
61622
57446
14969
53053
46815
90263
83398
65118
81075
65423
71338
23386
13772
31202
69623
69051
46923
79043
86892
87066
81604
96348
33641
71075
95377
61521
77692
50705
53343
91272
91725
62058
85682
51346
34138
9699
7355
92190
29793
40853
14298
11159
36470
7197
64587
85036
46217
819
86749
35130
62247
38669
34069
4023
70125
76254
8403
32793
30270
17025
79692
26294
19360
87613
84059
88246
2721
88300
3576
23981
35571
34146
80388
25675
58569
40949
4189
58442
14265
74493
34980
55933
76453
21344
54750
18306
14443
7091
77904
85295
78221
92068
85031
69622
2898
16225
86812
23441
55479
26618
42544
95553
46494
5046
11672
61131
43359
49246
74886
86464
17197
39211
71722
24705
14950
30140
90853
91802
9198
59319
12980
14234
40015
64864
97154
97490
59623
26322
88601
86504
68952
37432
85416
62955
11420
41088
95549
35241
28030
93396
64473
5508
29333
6909
92564
56957
91717
53184
80794
96088
4722
86457
33706
43353
58294
70638
87221
5395
68851
8698
37531
63606
79318
6136
5820
37393
83783
67719
87613
83233
42705
91268
31089
71105
71824
84991
8856
88540
6527
86979
4565
46344
8084
54430
67552
24750
51013
95432
18949
19326
68123
2204
67272
55007
73110
55991
57674
83098
78325
82123
16500
51932
48591
23012
65615
62010
98890
13315
93981
89284
90090
17111
52613
19889
67100
85290
86590
44771
44321
11912
44227
83882
67673
61475
94912
29824
85497
57033
34508
62997
94530
93954
11029
31623
79333
85774
95562
17236
19842
77103
4735
25743
48717
71061
29969
39714
7581
72769
21661
87485
86300
274
31582
68752
44102
1971
36666
41145
13910
68495
65999
82518
8375
63557
61069
3537
15401
1962
71194
60655
6068
65518
23801
65842
7479
36152
36016
81538
31703
71063
31222
91369
72988
8201
76251
26904
43395
11525
50710
19771
31759
20035
52319
90968
17494
67376
32740
42832
60570
80812
92471
79555
43820
71297
31448
76382
67583
29332
10500
33609
9940
79702
23920
67473
48268
38221
31609
55204
43188
12667
91888
58887
32344
38004
5811
60258
50785
42653
40484
98147
59147
50871
41665
15838
23591
68728
8491
49277
10572
85843
96834
36122
60583
32284
51858
43020
60627
58204
71928
36313
32930
57994
28877
73075
76021
9727
48484
37703
45706
17974
64750
96311
51171
69891
64997
35482
34178
32819
55649
71985
42083
92317
76466
73161
62576
99695
10199
96983
79912
63823
98114
76602
38524
27998
25957
66118
15865
73158
70740
28643
45334
4831
44818
93746
31347
3905
5705
14967
35812
48257
11184
62659
37258
4741
89708
35606
98142
22472
71518
69153
22939
81586
64412
34460
75581
53916
37103
50051
35827
69764
41312
94377
61816
53113
60193
86739
90175
88944
6738
93864
23420
2014
3500
38747
75642
48934
91236
9181
78769
65145
58577
38762
4475
54136
20497
42071
39869
41708
96268
92108
49269
82260
26550
84162
53088
37325
95215
92787
60669
2279
76452
88465
5781
34299
90375
94097
54896
7098
89412
19524
42512
6681
77009
73252
53025
96782
98264
92239
24041
16729
7933
94980
35115
33693
48786
87283
31427
77717
26682
89486
6534
77990
39856
41638
69212
90014
47905
16693
51397
2622
19955
3968
99005
23962
6639
2662
91038
19466
33554
90559
40608
5355
83097
4379
11923
578
34062
20629
66347
37874
72221
80088
2291
57830
40389
18086
63390
58609
98380
69739
56710
29490
58525
17779
32382
5469
2051
23621
1903
52282
26973
36764
66221
34194
65493
1765
23238
14009
92361
84362
23813
80412
60556
78688
93415
16799
20284
53705
8381
88101
27814
53804
86713
55159
16886
50569
57223
81393
60459
95125
50429
7996
50533
5885
78470
18583
86277
75037
45234
67452
61098
81283
38324
59619
50709
96136
28496
50126
2334
36392
53684
14522
65163
50056
58435
80373
99623
6309
75214
84840
18949
92805
58911
46783
90347
36765
48530
91993
79593
26599
31399
53939
32521
96791
25763
25313
86016
12721
84671
93204
93246
54879
75234
72555
27967
93201
38778
87911
47898
11080
87360
38355
86394
1393
43717
95438
4723
27684
81936
97545
59847
32310
2338
32348
66270
50699
76482
79353
92682
47090
30934
73974
77535
84
30217
28171
9478
13320
44920
59107
30004
57958
70012
11001
7020
98636
38471
6427
44948
50392
14083
56100
15451
50223
76992
21087
25622
90697
58097
35866
36289
38608
90023
49442
97045
31305
903
44682
72953
69889
54291
4232
54153
25809
76507
94985
89741
83359
76758
21338
94602
50840
32455
64147
80216
57176
85483
25487
87054
13408
24600
79561
87279
28149
8900
54189
67002
47309
9354
63389
69724
56824
52834
53222
40052
13975
53063
49702
17078
16161
92885
43302
45123
79660
9543
23063
60894
91301
37101
32515
76457
28631
72509
85129
76259
84099
59474
56686
19393
30631
49069
78690
12757
85997
48419
99477
87422
86909
62263
75961
99207
77103
76548
77861
31365
97071
66345
25276
53265
18342
6908
57707
61550
10303
86218
24177
7758
13198
77564
25731
3786
16293
80898
11081
7944
16921
22825
15570
86624
29846
2000
96263
1616
81986
93120
39930
2779
17850
55185
50895
48570
24726
44713
65192
68279
22545
7638
22258
34295
51141
34382
46558
5445
17947
1670
9
50916
80311
86068
27136
44280
37787
96069
22483
55281
61601
62843
81252
26809
19731
5389
71746
70838
32721
83001
30042
43568
67134
91704
84309
12525
80800
80696
94288
60517
50423
4357
61264
40497
6074
70215
81358
28330
90586
92813
34722
43184
2450
87019
88530
19163
25904
50607
33362
13859
19924
31426
7347
39149
41148
2478
73405
7018
65960
45267
48783
4258
76305
37740
42337
68522
98791
57674
56922
49056
76865
45575
54139
65192
61082
60032
43250
76076
90755
38992
99705
38716
51059
13006
71254
28241
69458
81628
49729
3379
37221
70618
89143
84924
68179
55196
1028
2941
87202
84539
17949
76274
56608
80905
86295
40853
2461
23527
14496
53426
63386
90699
13377
73156
47050
3742
59504
90339
70404
32729
20496
13963
91730
37163
11369
15592
68197
42518
76694
15461
77899
95716
88453
22470
53813
25776
71725
52565
41646
89783
58581
18483
35307
40156
56774
87882
16245
16267
25044
54045
76314
28205
45092
42890
82630
42419
50323
65273
69246
66575
47709
13977
50154
57588
43668
5102
14133
84935
66107
90065
28444
40962
64394
57714
47539
34228
15307
90350
63633
66518
12462
65298
19709
51996
2093
87374
1639
31163
89128
54489
50859
4590
98378
80094
65598
3048
35501
82519
33626
56634
30711
94909
30473
28564
21103
33480
99658
56991
23215
80569
88512
75718
52314
65262
59949
31626
62790
49459
1454
5672
22993
15607
16000
73526
7532
31084
4995
51258
30711
32816
91427
13569
59672
75375
44080
40668
88453
41648
60412
28301
50881
19164
48274
438
12447
72546
4301
94988
5681
83976
75414
61380
72226
93964
35005
74393
37027
88642
5898
59166
68650
75152
96172
32863
85912
31173
25795
35578
54176
60634
23270
70303
86430
41394
55861
33709
5300
11730
75759
32738
5376
71656
56958
89878
31668
93445
8004
85778
43096
17676
14036
63017
48439
18406
20152
10703
26158
10651
21003
64710
14662
79323
35580
63956
50678
5747
79561
87071
86070
80122
97142
3935
35431
87081
62251
41937
39947
93625
11350
49438
70394
26594
37096
48430
97120
65363
30147
85627
76286
42496
78026
52655
62503
27326
57696
8414
33831
65939
77964
53796
16877
26632
72365
26422
81547
35474
8055
85352
37202
68614
32646
73787
97571
41467
24161
27463
76201
13541
73704
36673
59801
918
77738
56999
84626
48248
59782
63552
44395
99520
63991
13424
77623
89602
50169
74190
23686
27285
9243
51478
94066
99906
41740
71176
35044
32398
85385
2064
83735
91484
84965
99854
22650
56181
3030
15196
67764
13938
3138
79641
95619
66975
15913
17032
99314
80857
60734
29680
88555
78258
63034
28965
91128
14701
91094
66259
65906
49464
7922
43564
14453
39324
4773
92028
87045
26538
8997
80779
49388
1961
23034
75655
16086
26010
7720
12618
99079
67699
48348
1271
28345
82789
7524
65420
42287
19798
70802
93754
26464
11723
30980
82602
27076
7146
11766
19413
98451
42868
81204
53186
12258
29908
11090
51525
59839
87166
79500
80724
50479
74383
98395
24684
20970
12458
71048
7588
94044
51050
58803
32644
45480
89186
30785
45982
66048
44807
66323
70987
89732
4962
63739
15001
31208
61553
21883
76180
23489
48829
3451
86404
3797
13161
27295
87270
91302
33477
69350
18596
77821
17753
3540
94504
45126
66120
43293
98413
58886
81561
30436
82465
21993
59290
186
3575
99905
4308
21071
13305
54967
71979
53742
5766
9629
75844
65475
72323
23299
58400
73003
11719
41111
73937
47734
93091
26310
24285
20286
27624
1226
91696
70904
60819
21787
94885
14991
79467
23002
34250
93102
12041
57692
21717
6944
96494
87324
56093
13610
92772
13046
57294
72603
92563
21965
25440
45459
41785
92763
3300
12048
7073
36624
95110
52754
49312
58529
73221
25765
93913
84684
674
12609
52680
79953
50595
48055
32447
68763
96215
29371
36207
44002
98882
36090
43774
46691
19633
39727
75263
85759
80139
8958
72848
10440
59390
5941
84594
74116
57545
15851
14306
26290
59464
47046
87054
82605
43246
77810
32103
20673
56036
69751
10347
40346
2845
56629
5203
47306
15287
1746
73741
87778
59804
39842
29150
60866
3277
49998
88935
23956
42691
77191
74681
24554
86308
27702
35412
52708
30041
45349
33239
40901
66906
49297
40880
38244
93074
94976
42027
9928
55752
24749
21620
18937
38193
1541
61198
51616
37848
95663
43395
98537
48076
78897
40206
53933
2429
38170
23719
71189
70946
3621
37707
2443
26727
45036
89082
75917
57025
76054
58077
21847
43625
47200
21374
34005
5057
55540
77369
70245
26420
55305
50504
27101
99089
61595
70356
40622
69148
55312
99730
21933
70437
54729
62689
82873
27824
93169
50519
57383
67306
62402
39135
97414
58010
88664
78778
41004
11683
28099
48772
31740
2108
46872
33249
5083
4443
76784
92272
92591
15325
24164
13491
28594
73699
11469
24339
3845
2230
69568
67848
65502
12271
48741
87721
29358
81128
93194
22634
25805
25903
85157
69032
3243
8323
74986
78454
75487
19587
74660
99674
24233
18980
63271
72825
18626
76463
13789
82866
33972
14236
95285
83324
31289
29630
81369
89008
78598
62599
52672
63452
76567
46811
68296
58412
3159
54180
66034
87968
19741
94905
16479
92931
15007
97260
79707
11869
23525
46837
77417
54705
54836
80957
10429
54970
91072
21371
17959
40515
26549
85863
11618
33037
24274
15403
43261
34569
75770
33998
89529
46147
39530
44399
92036
31931
5415
37396
86251
41550
12542
92014
68227
93414
40961
60558
39238
16690
39259
40408
35154
98600
50449
93492
29729
95447
95984
17716
45579
19682
32846
40799
54353
16850
86337
369
95894
81486
18784
17031
76272
2394
48127
14457
53291
17381
99520
42135
78263
24258
70939
81098
1745
83178
38666
62431
87673
29136
72651
73627
81978
47657
30617
15554
6293
4111
9406
50977
72195
43337
4288
70723
60836
20772
1546
20187
27526
81166
77041
46764
22965
28249
78254
67288
58294
58610
57385
67781
89857
95050
31015
63076
8461
56148
61488
992
85121
16892
33561
61640
51887
83980
60232
15355
58563
40281
83553
83562
47961
1694
38561
39831
72568
55381
22919
11633
85068
34627
52869
49346
37036
97661
63718
9579
58421
61682
69179
6038
70858
94859
25445
17313
27789
61593
79429
1179
97803
70362
10627
61501
63112
53291
37971
62972
44264
48972
24993
45905
59507
40685
89455
65949
40420
89213
46113
63678
40796
67323
92865
24338
67327
59812
18144
78437
15260
36442
81987
93884
67979
61968
95678
83284
76628
40974
34315
61654
47505
12038
28688
37409
52828
98698
12949
97755
77062
69046
9454
76038
89544
22111
28234
77617
18186
34730
97880
55934
24249
8972
46098
15891
46918
78479
15058
61233
47657
64754
33132
42074
21094
63192
16324
54134
17918
56318
62828
34811
61513
367
84711
98373
65001
43937
15489
58307
85580
58705
87383
43532
56758
76428
84528
97396
26953
76182
47338
94075
96437
62699
49960
23633
21269
1102
73261
76251
93142
90379
41694
88399
53444
67174
69266
26992
78604
14966
17163
42899
41278
31075
90673
86587
18534
33495
37188
95221
52869
99128
74614
76005
15666
86695
34273
63790
55490
51125
33080
36771
79732
70038
93713
4996
10910
26460
21188
64789
30497
97159
95614
48392
43411
6335
14361
74625
40397
11218
29846
52777
73867
34653
2552
86492
16291
27312
16948
83493
77976
25780
85280
32374
77689
54730
17651
75721
16698
6913
6343
9465
27339
36983
49297
41116
30660
58785
35833
22290
69169
74742
14836
80599
84400
44443
96862
81798
9326
66074
53054
73799
73779
54052
93272
48087
42648
54403
47656
92461
81633
84268
35430
26254
91994
30207
53921
71090
45765
39875
96263
25322
89303
63158
71078
13132
98571
62602
93978
43512
77905
18009
30169
68204
49550
93755
62445
52112
22396
54205
3386
17973
18937
7659
39107
75587
28057
78765
36719
64380
2496
58515
21270
61543
48057
50530
71245
97466
41578
5873
61456
4841
72560
63800
78614
41371
49724
39
57515
14755
94837
35161
82313
21668
20240
82660
19664
83949
84638
59739
26026
29727
72100
23725
34332
72243
63286
64696
62936
99556
43245
70430
95388
35558
74660
39006
31161
34947
14122
82865
85753
39922
3635
55241
17840
83910
515
1640
77749
58160
67269
69971
93432
18857
31868
80836
74479
89303
28659
77070
37925
92331
71249
14988
84463
66046
74721
39857
3944
84267
46098
91640
98690
4275
46201
25833
38819
60422
64204
15174
22050
98286
18648
24112
42153
20749
7351
91792
25123
73770
25338
73763
76725
81975
11250
64995
95369
69061
41481
62728
97755
87821
62121
81474
54515
95545
9690
58652
80511
97835
77940
98397
31726
14150
95535
77992
57468
84365
77692
69454
19540
16035
50841
25473
49644
64330
80998
95002
55348
64634
47317
30413
23040
52333
24780
47026
36208
84885
87386
47986
38656
8442
65351
22731
44976
55290
42399
59629
26300
99465
78550
61419
13503
26580
87238
84794
42553
7241
1197
65810
69986
6882
32888
17610
6414
72622
46866
41781
9808
96167
16900
88494
23954
31465
98459
88299
64459
82298
1604
29103
52666
75141
88330
48277
34634
89701
91852
13515
77601
74990
9937
32708
89207
87882
72769
76343
77565
69829
89383
99403
54313
42149
83108
82635
42062
58731
90100
42954
93398
669
90246
63668
86020
91073
95985
8066
10899
72548
66099
61930
77453
47427
70939
84620
57434
83143
71831
26440
45964
12307
18023
33668
7224
71010
42240
99140
88195
56374
34138
12220
85654
38981
57496
76985
10927
62205
17742
10586
50041
80893
96546
15988
39972
6908
63370
2080
90367
11013
8340
67971
66479
48217
47191
48448
46579
6548
71921
9236
43834
73903
13671
86573
3075
50489
8439
32275
2877
62187
22917
35124
12029
2699
27666
25256
86885
88308
3406
67294
20294
67348
38357
29941
70214
20097
45918
88035
40646
91510
96482
38843
24290
47678
35019
51493
49065
62992
44331
56354
64442
59842
41058
58956
59596
72693
6784
55296
95797
41917
85007
67110
74647
94120
64402
97106
96433
62258
43037
75124
31399
76578
81844
54082
64997
54525
39890
3376
64275
86949
5734
91492
53027
85312
89406
38957
15198
44048
61257
64604
74501
83715
52490
61292
33807
20350
6115
87985
27355
34940
87661
77408
13714
35569
79285
80378
24653
58527
22472
77031
8723
91429
95001
91185
58026
9314
32608
60188
20262
20065
94202
94920
9099
93580
81237
66746
77380
97276
20902
31737
59586
51877
60128
89864
59114
67412
38700
41310
7881
26899
47761
75308
45686
86210
75154
63361
41766
79986
13930
54769
30709
94533
59198
57857
73518
1582
22570
31461
18840
34709
59108
39425
293
7950
62133
26969
61796
12719
62344
19906
48952
5269
29387
54469
83236
16836
9935
66867
45814
2649
47285
18834
96312
7021
3885
43599
64277
53256
56758
42562
56843
58675
44806
72881
48245
776
59166
73467
12340
90388
74849
74063
96248
32250
40783
53224
83806
15154
52444
97838
28037
36880
63362
23813
23299
90756
7147
90320
7664
63106
41315
59815
8121
8247
36220
93812
32052
96523
14421
58148
73617
46577
91225
90016
46810
63167
73917
53881
30272
24453
57627
50878
69112
90788
5121
84727
35821
85293
50873
70496
43134
47241
14843
3898
15673
38816
34277
99289
52053
63226
36211
99676
39564
67167
35044
25023
95510
51621
13269
8441
10194
34482
66824
95015
48740
46351
55924
96930
60945
33980
26545
30221
24305
23465
96018
34141
8538
75821
23064
41649
4778
56339
30224
1797
15614
11363
55840
99159
41214
69555
80840
40056
47369
54794
10577
68701
23399
93491
37752
44647
14797
9210
12058
64455
6473
25403
35804
95846
2192
7449
55547
93001
42275
65552
28095
53764
23405
87164
83717
5152
3663
88965
5422
52061
8059
14136
13609
69003
55608
23298
65209
71995
63158
98899
37186
73983
38367
34245
99659
63496
96727
98629
81743
48529
69583
51418
45119
13587
72506
42095
33335
49281
21746
48544
25559
3328
9710
30551
18740
56448
65372
83456
76432
12392
76796
24241
46321
29075
71450
93964
95525
6939
47456
62494
5889
91677
85538
17221
72970
80664
59063
28880
34673
62227
85519
87252
94483
48707
23339
68041
4608
92291
21021
28010
21920
74498
10643
13587
1338
50735
4057
97212
41431
24621
3230
31783
34179
66829
43059
26379
19064
61764
49391
62051
12370
6091
9654
15854
25942
65939
84909
23308
88312
73231
40629
73496
48105
10156
42927
91432
9370
44940
34390
49375
50796
55449
52297
12995
96931
60310
33523
14350
24637
30544
71655
63329
21041
28659
17411
77632
23460
75177
43908
88543
39219
19626
32617
29968
87080
20546
11883
59698
64394
47887
53478
33707
7999
51058
43502
97218
24807
45031
47693
16667
12170
39848
89090
35135
79015
54922
28588
89896
28115
22350
32179
82418
67256
59869
71391
47565
21432
73514
82347
76478
71380
4553
48807
47290
44218
30097
64417
55145
73194
79205
69452
13855
54189
39672
32183
50344
94998
68689
86083
81535
3805
82451
37048
75795
85679
83558
54403
26143
88628
78108
65596
17976
8721
47829
86356
9520
81210
31747
5921
24052
79014
99480
20684
80873
10109
46812
30677
49120
75823
53392
53480
9921
18352
48399
69747
53796
14410
432
52478
26916
99878
36774
94003
54132
6202
87952
96761
73385
44237
27843
2726
94456
98827
66327
17197
37947
74342
88174
87271
73728
35682
17205
60610
14068
49200
5696
36645
58892
25102
96168
69414
4664
86872
42470
31729
85786
96157
17538
39679
39718
59090
2946
67481
85537
43388
14360
12930
83542
12226
17175
2735
67040
49401
81002
50885
81949
19550
19178
24047
70854
3667
76216
2787
97269
61207
15981
63652
95349
41866
33105
17645
79406
2822
84081
33035
95435
36247
4190
60720
66268
19460
20759
43562
25492
57420
10983
99674
58771
33174
40910
73101
84895
74448
83869
61311
29846
26465
98671
28195
26683
15046
25976
6
91309
18736
812
31933
86846
13914
35350
96258
49936
93536
95726
92031
43958
44469
44686
71287
58791
28706
8853
69471
69667
59380
82077
79614
86501
69126
90407
18937
74776
41002
12741
64445
51289
86038
58666
45410
61843
39881
116
69950
36983
56713
44568
33908
61006
69779
98781
75577
92169
2242
20570
81590
85596
17356
16180
13026
59031
45258
94868
8754
75438
89632
94796
31089
52510
29172
51353
49126
64147
25757
23970
5245
21198
30401
40367
47392
92987
702
62779
37989
41717
86714
27058
46097
50555
30192
60154
46822
79402
30724
68958
73459
5104
84290
43355
87111
53783
3972
84898
13648
74380
30624
11808
28115
90356
94781
84845
78308
51697
61545
94494
95857
3614
14417
4549
83898
4294
79383
79347
91018
77123
52567
46588
9144
64811
22023
51245
21419
84755
99503
64131
45513
37597
8015
45467
26641
55583
24422
9573
60922
97184
56206
38426
48218
19419
81900
12218
28231
43571
98910
77943
19608
3333
89057
78004
33097
11989
51635
28995
3199
56122
36743
36552
85721
29467
93667
51944
37641
30646
20720
76317
8426
33930
67193
61197
72959
95528
28279
36977
78900
27640
87001
72169
71662
11219
38557
48551
5378
44688
4450
66107
82330
23267
50710
41342
53228
30533
44555
85186
80885
6876
49839
93473
4074
95900
57067
49581
51386
12858
83393
66812
30275
76925
11321
27900
52291
97578
63281
99390
13438
85513
87067
96757
76385
88480
56067
18874
65523
99481
3675
9711
6042
46017
18342
34298
93701
78063
53327
69505
27008
2103
81019
9725
18756
54018
96068
20904
77206
40263
74837
8059
28379
59298
72660
17776
71111
72847
67733
51404
55576
14595
64929
40692
96451
15063
96837
96342
21282
28691
46780
57647
93489
75504
90281
50576
93154
54148
42148
94105
85463
39397
18931
3715
88203
4576
35122
46776
21232
44658
24656
2006
36328
66661
49917
88212
9623
47567
90923
466
85262
67769
30113
17279
77429
26941
83712
34542
99260
10623
18429
89668
21475
20123
77875
25774
21319
6420
94980
95728
42545
51577
5538
4884
81392
14611
2366
58190
97386
47490
52443
36563
39063
33313
26410
77465
80255
60612
94289
14647
10557
67710
76961
50652
4196
59536
10580
73128
32674
36433
78179
51050
40575
43490
18010
73675
15985
23105
60698
34088
48525
8503
63909
18350
60507
29053
91713
16593
88324
42789
96053
53107
1983
80099
82710
49379
35061
72697
86027
79890
5664
39016
63879
17846
34455
10396
89519
38544
53918
80788
91743
91151
9874
84406
34418
78643
98834
6360
53828
3803
65903
78742
61442
46599
98138
85059
1138
51030
44172
44832
21473
97938
75435
77469
17359
70152
81212
66021
32657
88702
43203
56746
34487
31743
30835
91267
98376
59985
40037
79410
4115
92847
846
42238
92340
55484
14934
17215
48358
59082
1943
788
43577
10053
123
4843
40300
91500
3411
4397
21054
51696
88134
46816
48129
80993
68772
76892
36139
3984
51336
84026
42213
60834
89530
62630
24411
416
31570
21646
61969
83484
96757
70713
68292
26816
28079
80193
75678
21704
33737
64189
33100
97298
13725
10988
46045
74230
41491
37111
51300
80699
74384
60204
13586
4658
98602
29129
60537
71997
5309
47577
43024
22695
89107
93548
18906
81060
3964
55558
55910
73689
70158
73505
72240
74258
58034
47478
19029
58313
12806
41931
8678
18451
84680
76012
76298
46521
96320
99408
72470
42945
61495
97805
31398
55037
89310
51721
77914
6091
69546
84819
94952
27666
17044
77019
18331
66690
34940
73509
18494
62507
70917
93532
66246
28540
10904
588
72523
4334
39032
48835
2114
26791
28525
94499
85953
5445
60431
65901
23694
34981
81382
85766
11082
38267
36024
33320
2210
80470
49036
8802
17179
92266
46730
97533
31715
74897
12451
51381
72751
87083
58615
74051
22138
19322
11715
47915
36589
89659
83692
15117
6204
50657
65649
85695
51428
52838
60408
79249
54188
86053
14353
65890
28333
81963
95657
40010
70416
31958
39571
67519
29986
28817
93015
52517
57467
22680
91192
48022
73917
31728
68203
61836
59529
66959
72349
89591
17707
52407
80977
62977
83052
83575
89574
92662
9143
52270
33024
87655
3383
5310
85555
90515
25487
36691
53202
88032
25421
75810
98249
18861
6650
23096
36839
5831
76784
43983
88057
60597
59206
58630
13188
93423
82623
4210
64026
64140
65873
90888
60919
6639
92965
13476
6511
83701
54647
90354
4198
97262
58721
92262
95975
63815
80531
40588
52592
28908
78994
28421
25815
42635
46439
70451
99280
43008
52653
9619
69613
21605
19229
13370
5276
85767
87904
13650
12723
6168
75925
7584
41051
21841
69298
79791
88850
55161
41897
54177
77436
18052
59851
77932
5467
41725
11211
94813
55362
38248
36537
85009
2092
74998
23698
86646
54578
26615
37035
69927
85131
36360
45850
46597
73259
27772
9792
93247
11
35402
5358
66448
6981
66895
27089
53701
99259
24815
65448
71735
91644
30512
99306
6212
53972
88564
91007
21124
38508
87685
22347
71078
69976
19150
38773
41983
4730
63902
93553
13940
47800
68150
26986
97412
36838
37447
32578
66512
66362
27897
44899
50523
80228
21424
63259
11784
17086
18065
40697
71880
28893
89986
44708
83282
10154
6646
21892
45621
50163
44615
2896
67156
63528
35905
58763
7962
80425
73917
77565
57086
25374
94201
14401
73759
43025
73337
72740
31774
74241
42235
40177
9394
1547
67809
34950
16527
49673
88421
2805
67331
31788
33702
995
67122
52809
44067
25675
36837
20601
43011
1917
3406
82495
91893
51800
37165
58803
47104
77569
4620
91002
57024
17363
83559
95493
8764
49059
64518
12012
86775
60847
47878
28739
65862
43675
58982
29261
83906
81276
26009
86801
80640
47180
33728
23561
19645
69418
24412
10277
25726
11422
7958
39943
86486
50160
34761
24
39468
53407
35111
46089
22577
28308
35160
54275
3508
20106
39174
25406
51713
2718
48380
2961
10442
55705
14038
51349
49667
12645
96497
73760
53483
79062
51538
48870
90104
12170
78844
65946
56760
81078
19504
2949
71425
8684
10338
43176
79346
89346
2527
90833
2098
15199
9288
19060
97301
39533
68636
69306
58783
87880
59588
97326
97873
20644
99353
12378
84844
39239
13712
72859
17546
96885
3586
72314
35969
12438
41322
66223
72083
88334
16026
84250
87725
39000
30321
24868
6934
69511
49837
916
60978
24080
67118
31618
18917
72100
9773
18808
1451
66961
53649
53851
92573
1378
23740
74551
2916
92987
72765
6056
31135
67080
80128
36596
37452
1580
49319
15982
58993
54221
96574
31514
78810
82360
80065
95318
50878
3961
84070
22946
87691
99186
72461
73043
43230
41161
51755
63391
18060
29195
886
3606
55882
12534
91895
29896
58753
16345
24527
75360
67216
74780
23087
22612
5219
15338
90491
42994
54643
30902
36133
24878
96862
92953
77832
56223
65763
16082
85905
94999
18298
87160
26728
11816
96986
43340
86402
76270
57032
14189
81791
92652
60303
97104
90512
60480
69901
66954
90747
26280
37831
3444
90748
60668
54063
98080
69178
19016
45910
80113
98110
65867
19540
3657
62073
48159
95010
53198
64812
70196
7947
32597
96672
29345
79505
92085
93560
20712
66042
34103
43923
64449
810
1243
22061
35690
77592
37040
44659
60999
617
53069
8156
95837
32344
40950
4999
66479
33501
68164
36996
59413
16009
49682
22030
45495
33615
88804
80938
49994
1581
29313
50947
90668
18002
6442
86233
60765
48526
67760
2820
98360
9921
13054
33628
90595
62283
70746
64746
44992
92978
17092
45059
65747
40679
16734
69584
7279
95814
50306
41192
81042
58288
16821
71990
76094
43764
22961
36518
49996
84060
22578
75767
41014
97458
74029
57965
47981
6913
13043
90191
64063
51152
51759
94884
74669
23290
39066
33349
28349
89485
5825
86486
79202
710
30452
21058
57872
97690
10479
56526
63020
58946
3613
22967
32827
37778
43708
69173
72886
19639
33089
45422
19885
40386
47744
6376
39027
94626
46313
72956
10245
28799
36896
1660
73249
50480
38595
58206
36818
97957
19965
39744
1910
19172
56776
34842
22080
45798
71611
30781
63854
61511
1007
10962
71137
60957
24624
99142
11410
6038
23754
93581
12745
97130
59554
86676
38429
94841
14565
78169
3897
42581
86087
70890
37070
48240
8461
40304
98862
27374
71218
91591
30894
81658
98355
16532
31874
28677
66181
83870
75325
20903
41679
77348
33341
82062
76547
3614
83964
58946
2816
64710
27441
95136
42315
70837
51162
17345
73995
76430
14330
86191
2860
62927
35054
76586
56774
71293
91583
99046
41178
73025
92226
92214
80534
89705
57194
13680
96225
55526
56268
23653
63462
9323
74096
63420
38424
89004
75445
51605
90824
71912
68937
54871
77619
99762
56977
34133
82882
78253
33492
92851
75832
49286
8630
84879
65450
7796
73224
82257
9349
67731
5835
51736
54212
22769
19783
5140
42054
86359
53943
265
75300
3534
1792
62272
32881
65540
40700
64778
53528
93052
75083
22037
58514
4630
66060
20
61861
72626
85997
76549
90114
43188
40955
51150
42620
29114
87845
33510
23361
68941
80267
35389
92014
15246
90724
41563
95810
58566
10072
85071
55146
79551
97247
75378
56343
95871
34345
38011
90028
63664
16512
68378
81799
13316
32644
97149
24566
35915
51882
93677
69312
16157
22824
67459
23175
20446
10348
57789
67669
68842
12495
56780
3418
69382
65755
81167
25370
91841
26129
60106
98763
11275
68372
49102
4570
25215
76034
15432
94725
38494
1663
39880
76345
77688
67290
94178
6497
18719
62596
69151
33307
14400
14225
12503
6915
30667
7780
39366
18594
34769
4214
86276
32783
37253
59548
88941
56354
95853
9173
13799
14814
79668
15735
77406
35542
31984
51055
267
20273
82133
78715
43437
61755
80485
51505
32477
73303
6569
81141
43781
75727
5698
74052
25096
59083
46748
1237
80003
58614
4131
42547
67353
81129
18565
14937
70207
38602
94658
63891
97983
2125
59591
7356
96513
5916
43218
44316
32878
81636
58335
46696
46468
99129
22922
30900
54584
80830
94594
5915
82144
35609
25152
8780
30782
61648
38052
58893
22181
304
34292
17968
95545
39772
22956
14425
24176
23976
4932
45653
97697
81389
16466
37666
43123
61948
2825
18519
79766
80822
40773
83832
29304
70706
64102
96322
34652
53544
52251
61955
47312
47414
14203
77872
44795
41208
93099
51922
7749
54635
7256
35736
32294
48221
10726
32572
72860
17383
99033
14584
78607
78111
47063
72791
63831
11416
11554
89043
70524
42051
35486
67026
69725
17266
95437
63890
95381
46420
51850
40676
27105
48576
85247
34150
55844
75732
89172
7415
81408
64530
69839
54934
34125
83340
50514
50320
31550
18631
22829
16086
91293
61851
39211
95564
17629
59152
41238
62701
83281
26740
47885
77045
52530
80939
86167
90658
97959
83618
14557
47505
60796
8497
82476
42949
65703
37925
88707
95309
2631
41072
1564
97891
68099
7812
1547
37318
29585
10121
29581
12724
13762
97718
10466
71827
75694
15803
50847
12658
7873
55456
57121
54858
51411
99948
24790
8274
37647
64960
2809
49120
81400
54978
91757
5918
14643
75820
36596
4165
97073
11888
37857
1013
29845
24822
36453
84647
15781
12070
58577
80779
69612
54715
54263
13286
15476
61158
1366
38000
1393
59739
3736
61224
58103
28431
24254
64831
97865
89380
81105
56052
48159
22019
9392
46297
33217
72079
49390
76958
26188
42475
5276
41392
62858
52274
95751
43301
21724
44808
9170
2693
95028
62053
12121
47450
50818
14892
7761
80932
26467
97923
65991
20759
60106
2537
60668
23386
55163
17042
61302
58752
28349
97185
98647
32221
96440
58983
78894
57292
71529
98168
73746
91224
39586
3864
62172
37279
18608
81064
13624
26563
29207
45663
78205
70401
59074
28831
59797
89694
90379
89268
11930
91170
18529
42662
26805
63865
69428
9551
25133
8453
28284
60403
77796
17456
37478
17930
22753
90600
80229
78215
89657
66933
41379
32213
82507
58175
89341
36916
92669
54124
68243
20756
97034
57821
37303
31263
8643
49132
32920
32254
26898
39588
62603
81801
66177
93238
14167
32119
2255
27985
79304
85837
93348
3184
24307
66559
73067
39488
3790
62330
10346
74803
84723
68387
4873
17653
10692
87665
53247
61135
49186
77089
96418
84061
26393
64673
3320
28259
26645
74847
42533
35413
51398
31539
98142
16146
12919
88005
85026
20826
44025
86700
92185
66164
17734
65922
56889
53012
91697
91299
9801
72327
26004
16323
70241
4605
62416
95249
83019
85438
66007
18336
91568
3732
28657
12580
5933
19044
89301
97031
69407
24868
58127
47253
26781
13819
60717
94393
5730
33696
9637
14412
3588
7837
65154
46315
58696
88792
37947
44460
14513
49409
28888
55082
15045
86026
31643
98637
37398
19348
92713
14211
89028
74734
57003
98221
80753
44653
28345
34031
20858
25755
7063
59446
59127
42179
32056
14982
91051
82501
38076
88339
67160
80368
41118
15638
82499
80938
20413
5090
81557
1322
63827
32740
75355
63240
14057
31439
27919
95509
50396
9587
50214
67347
96771
31702
55461
3377
51087
20456
30971
59356
6235
29068
67753
27253
54390
1315
22342
35653
56032
91591
56080
72573
75788
24732
34488
51008
16174
62153
8861
96703
90743
42106
88191
17419
57556
39431
16602
68788
14215
23949
17522
89727
78884
48607
10927
6050
47478
53474
80384
63876
71817
97109
176
75682
48422
81046
37854
9246
71848
88346
22840
12268
827
9474
36417
3483
6877
49365
87503
91652
66998
90305
32276
44194
3210
60836
89846
53807
5218
47118
36204
42321
53000
58939
53148
49159
87129
50303
36979
94077
56498
12428
11132
72070
29963
98035
19319
67457
28585
47279
19454
99621
18617
90260
33163
39982
12046
88089
60020
19866
79364
4009
23973
66306
40209
34988
27519
12037
72089
83956
31332
45583
64802
21096
16855
7248
97682
17707
55526
77921
23152
69350
290
83997
68981
49777
90515
28300
13541
44835
86072
41805
44122
77584
16737
16097
58082
19929
18437
70292
53418
31493
95479
73371
19137
73273
54151
66242
13983
37622
9386
43632
23181
40479
13025
88375
48262
57913
51532
91277
73435
67
18622
96781
84445
61453
5232
42979
99230
14939
44476
44751
91087
16548
29671
67675
87276
69742
6502
90896
45003
75159
66071
78976
68471
21979
39297
69640
35448
14439
18546
62463
24866
55483
25981
97071
71721
36730
67098
34335
19662
86305
17030
73062
12214
19575
8060
18550
72540
49186
27288
57310
12418
92352
47387
34282
36386
55558
98242
70658
31473
4513
89578
71798
91450
64154
51649
3698
86796
7675
83487
85105
42841
87687
35163
13034
22072
21960
94980
23375
20865
51185
11405
8520
35725
24370
67278
23614
58416
42687
69365
56827
45620
21794
89509
18299
96642
60983
8467
39970
42899
86226
77015
28883
56429
39075
67155
37054
15958
74491
9254
58429
42723
66704
95906
51805
10892
19478
1701
49164
12969
79605
40312
54522
44257
11573
50959
58513
86368
50540
51225
40715
32932
46957
54846
45696
30460
42869
27315
13435
4646
36434
31139
85796
45298
85662
94961
69913
61218
73458
62538
33896
27708
23152
62603
896
91333
67411
44558
69529
2510
46259
93125
60043
23143
78105
57264
9318
80873
36463
21772
29577
91042
27310
77229
32232
28672
94616
66399
22537
19165
55480
1854
98685
63985
29033
59989
27402
98533
19977
60824
42371
82591
10999
63741
60559
37494
2953
39032
29233
10276
9011
79017
97583
34594
33329
40854
94615
25478
97337
78571
86911
64633
90642
6119
95449
13466
72070
23964
37442
74239
22314
34194
43216
76165
70153
23922
22454
90080
56620
16563
36452
44977
81216
30618
961
81954
40977
7740
45523
65262
61040
94811
85503
57100
18990
89593
15338
13394
60640
4891
11747
55589
48329
74392
72056
62739
13734
74529
23055
87237
73877
89208
30529
98696
41816
34055
23464
35715
23448
37464
45053
9710
83583
25127
58052
39584
4376
95388
29803
83874
39604
40084
63026
53665
36868
31317
3168
37699
51271
33611
21655
85336
99227
4143
22079
6259
17582
58244
44108
85382
9906
50047
58951
19505
88450
55355
73307
9679
65239
86287
12647
48445
6110
70784
67603
25372
36458
99928
3760
23912
30179
28374
27715
12293
63721
14570
9679
3535
37028
9334
89998
36805
54695
12711
16354
97991
20870
30371
75043
69009
71601
21847
33553
25822
54020
31985
43526
83926
29124
44734
9487
96090
19540
98640
14045
95953
78920
85705
78484
41888
45064
79334
32297
32628
77247
96601
22405
40906
60350
59716
40747
92026
21601
54882
97999
64922
40583
75563
89930
84856
64635
61040
90250
66040
79958
64553
42704
76228
7569
92420
89678
30412
19957
12695
84058
99870
34785
1514
59536
71218
18117
43278
62100
44168
51729
10513
23717
51524
69352
13609
97463
55339
83004
68781
26741
90825
14475
67181
59138
89876
34163
61797
8093
19638
78243
75678
86875
89096
96071
78420
27918
42954
56727
59380
11839
40000
59602
81763
29075
74272
14882
65560
3675
83009
23312
94748
90320
73256
65355
95304
597
38587
18478
98982
90981
18728
40733
11183
70459
8339
61196
15916
9452
4557
22958
60170
14486
43499
39737
87976
52358
23748
75783
46383
39128
45729
81961
82948
95303
24402
30298
47158
7150
5040
63890
68931
93486
51994
2211
80272
53935
14742
94219
76911
29879
95041
3530
94590
33738
40409
90370
23814
22800
32538
34100
62750
51964
40300
30890
27058
92852
83398
12901
72309
75150
45639
24570
257
36897
6126
85730
83527
33660
34362
21712
95521
73493
20145
55676
92156
66074
76847
73100
95659
89272
83734
41147
65904
26076
40775
17763
47736
83219
25615
3629
92873
31759
80684
61665
13838
74853
72740
57792
35235
23624
15248
61439
26035
22436
69770
79011
9959
63684
88670
59026
54531
72
16856
13218
47854
26051
28148
14010
5147
92009
31898
82446
75056
20752
89527
82153
53672
68881
35131
36756
44545
75806
98762
10807
35700
68265
15574
77008
13926
16099
39076
61392
54591
81480
80991
64239
13901
44122
46143
3852
93611
53886
24024
45672
58482
51894
64649
5753
83063
35663
51285
90487
34859
38133
15209
24814
17237
89635
52134
26588
46470
51873
76883
78112
90991
64340
57286
44120
23015
96825
52197
18256
61997
98937
74428
22599
70514
82351
11835
43528
74984
92099
16603
7121
30933
16586
81677
63026
71529
13294
39845
69443
10543
61596
21743
25722
50881
1010
6208
85818
7999
88188
47614
29108
29724
52706
93439
88173
504
79463
58725
27998
73847
4949
79653
95710
17122
81531
61231
93129
95631
5548
11972
5001
56186
12289
49148
91532
73760
97380
69547
86776
42105
94524
18885
43893
97583
33081
83383
26886
52444
67771
92988
71246
35485
76367
47735
37452
31551
82404
59347
95442
13123
19747
79128
60118
44764
64214
89167
86504
31192
47763
80767
79409
27332
29665
15753
32940
37789
58677
76648
14299
24787
32337
88093
19547
65986
72747
27112
91541
6003
11620
59322
5144
6069
9139
21177
18967
16688
38140
19958
16888
63966
87661
60608
40267
98007
37201
48260
21648
22896
82930
22391
64751
50221
16445
12437
73357
76496
43284
30105
3029
46877
30461
71372
33606
58396
23808
81595
50893
43024
14007
43006
86109
11531
54993
41200
61754
76907
93475
53116
1226
86514
53219
67138
76246
84976
41596
42934
7806
71096
2722
70755
28246
27282
59729
8435
8258
27098
71791
52762
51684
92652
95882
96518
40910
54120
31073
47989
74822
63816
12146
24876
29051
44542
50846
80678
61552
22962
61353
82627
3614
38925
29829
60879
63395
97103
7220
97029
34786
86131
27308
60207
40856
22769
15453
14395
9414
49436
81687
20903
90734
69193
35379
42198
73355
17097
81194
75781
97602
98844
83749
5043
30175
18176
34403
261
85590
52938
81159
9847
50760
69685
49472
93789
29721
6984
72750
86755
89709
50146
64953
39720
39642
37547
88173
85950
8304
22591
59749
73501
31024
52487
24890
95543
69312
95176
81940
20516
30426
55857
46114
93155
65992
61366
89541
12077
6163
54468
26452
60890
20289
76687
39689
76164
74126
54658
86513
28703
61124
92854
9872
53756
61116
12642
35345
22035
38218
26046
98660
20575
97330
51279
41844
65502
28963
39678
53991
99995
57030
38308
79502
91294
74880
7297
85973
65493
3203
57810
7025
59451
21690
80881
51678
23086
91351
54584
99640
32098
79433
96294
84270
35051
20315
99961
5214
47566
1408
33227
35201
87361
63926
17252
57204
90811
54661
81115
65234
4088
12416
63871
31185
83904
92366
7287
84007
90631
58192
84749
15181
17632
63178
37615
82245
41266
32014
5725
7919
61337
92716
31447
26364
94387
20298
10283
6116
66800
22310
69320
4411
37062
35575
99877
27552
55881
89803
21150
12674
8918
59350
44389
98239
41532
61017
85655
23753
71449
19120
44552
38975
87919
67784
45531
19217
1639
600
23317
16106
40903
72989
51239
93285
80421
37289
98921
42989
13089
54819
50846
64665
86880
14093
1875
8598
27238
56013
60822
96471
99833
70098
7845
17709
87152
76750
20559
23587
96765
85405
70034
53445
70883
30680
16104
20028
86861
63620
286
24487
88802
10599
778
85796
74390
77719
91104
6748
88136
78481
26940
94812
13334
59465
71740
38185
32849
12180
45741
20683
6733
25265
39536
94981
24716
65266
73667
14176
82041
14818
10386
22929
77424
36155
71206
73760
79159
35143
65073
54707
6666
51005
