78444
18539
33855
84434
94967
18964
50723
24540
29773
51108
86973
22073
47193
67209
37360
86287
48712
40807
67215
98708
4669
89596
49310
22778
89794
889
52686
52077
44652
55682
33329
69343
48754
65799
72127
58469
39533
92068
73018
62533
27972
92630
61882
33786
99489
74754
66325
12486
6689
12782
62500
40639
65983
43461
1599
55914
86202
42789
71356
90291
9532
7989
68267
49190
32706
65922
32109
28665
32530
83424
74412
31911
16717
25005
98458
7959
46640
53884
57330
15071
46942
71720
6504
45872
83626
97583
25978
28231
39652
41478
20676
50402
68045
91022
94243
53266
47876
79379
9412
61247
13102
69422
87021
3773
49005
43079
53565
52215
34521
63983
52311
71041
60196
36209
11759
64049
58283
91562
36383
50054
80569
5140
77360
84811
39933
98126
34877
9093
69317
30581
63105
21475
38344
72708
29929
21417
42794
17276
76671
1310
46052
26474
84822
19940
66734
48457
26424
32207
56853
31017
60153
13544
11785
51590
83744
68550
57982
13344
36564
32475
31116
74392
49884
81509
26206
49152
24391
97031
25744
43596
7530
3056
3746
77661
56863
33494
71559
97131
92698
7803
89827
38055
23349
79533
68424
77544
94917
82442
11821
20928
62658
96584
90480
12678
16757
56712
48615
63075
90933
15248
85253
64854
32445
40496
19863
26983
21908
42680
51374
85459
44697
54975
95935
24526
34925
15168
19843
18980
73076
13948
16753
6759
37503
40297
48487
96003
41862
73590
77673
78148
58300
78900
52952
41376
68813
52862
3140
22421
4021
30577
43795
18808
48234
682
47476
71012
67393
88560
29483
72838
37873
46800
17971
40285
17504
84960
97233
29997
41571
94189
14193
81214
23338
84709
2150
63893
73063
95319
53792
46118
78395
45003
14293
90698
58500
61041
31784
41840
42196
69293
21242
87591
25983
35918
24236
56234
53557
71821
77849
18463
1978
9825
79714
86333
14821
20152
51040
51543
14682
10933
60244
96296
51268
1816
76890
14737
18392
98426
30861
50423
21332
18747
11167
50333
322
1310
85136
50723
22666
26171
94177
71489
17612
42001
60650
52885
5390
56948
67994
5985
71070
26876
62992
49608
15806
64240
73829
10247
92469
1946
92923
64501
65802
93509
4468
85690
27729
57921
52503
933
37774
22964
10555
44227
98198
35436
31254
89416
95667
65765
72843
50283
8543
70768
24778
19873
61873
45013
67181
40451
97103
39020
23605
10367
71308
50791
89375
99307
56190
90384
63689
28778
10423
77908
19498
54890
33926
7538
55493
12146
7081
67154
27813
10658
11889
49389
95223
22445
6424
3366
70436
33392
43204
92306
31596
44517
54842
89706
60057
14681
69216
76247
46523
48115
64598
98889
42142
74714
52635
98014
55464
2207
11028
99927
23767
22489
15930
66667
27272
15687
83357
40585
60012
20342
65540
8370
49802
96795
3326
8600
67732
86288
49665
4883
78258
38704
68705
40985
24315
82693
51161
8364
52002
4856
31772
20419
1804
75228
61031
50687
70709
51083
99993
50942
37141
65610
42213
76878
7730
78520
58325
76068
77457
43653
45845
7904
90255
79562
21340
8043
10149
95936
77868
64877
56867
22243
7683
42420
23671
51502
35328
20053
74070
40257
34595
34946
69908
78949
93932
70764
53664
44908
16638
16553
15334
51006
53148
14576
97260
94788
14385
21340
51280
41782
32348
17365
74642
37183
11988
38810
60865
1272
63458
25514
61149
47772
50854
8164
96147
46353
3347
30540
79304
5489
61242
25970
34607
56898
64645
16905
57524
86116
33945
8722
26842
44921
59671
17529
70262
65997
61865
76844
90104
4899
97908
26781
50315
15670
13821
90726
31508
26341
42883
75148
24681
49426
77690
7233
75710
87696
8326
45741
19851
58979
76448
69702
83820
9083
41634
7023
11498
68706
61929
41444
61223
22674
65342
46730
71709
87966
75002
46794
65793
3056
67226
55949
30619
59475
59724
5750
80196
3216
71715
99159
55379
7296
14428
86055
15801
55960
45023
2022
63809
18030
4764
71777
94087
87079
31073
84320
96768
91598
45041
12347
90299
28658
80239
52030
55812
74350
37998
63974
20634
7559
22493
76860
47212
75686
73995
28837
18092
95750
90282
10173
68623
92691
14901
67319
7817
9453
28476
23684
59321
3166
20916
81138
57879
56470
44104
29184
56073
39009
23648
73941
75738
4301
77594
31839
40011
31416
23673
92703
90924
52024
12807
70424
65768
48287
90903
53969
76024
88960
8745
66776
37241
47927
3190
99044
52730
73264
35834
1557
27461
11131
10343
87468
65977
70832
28719
38036
2483
64096
13864
39861
76428
27938
69220
70311
99930
73705
96831
30921
89826
23533
44273
82486
18885
87430
34145
98623
15147
91592
99574
55300
75714
9743
36185
92907
31628
43270
88415
62989
75353
15895
60613
50105
36857
58509
90464
31221
73835
61832
69168
60258
71409
20342
4620
24254
39593
60850
89161
96388
13691
34464
69100
92294
10984
16981
62005
62211
25846
55938
31271
27391
21815
39540
96166
37209
48658
29585
92624
39626
49147
55800
667
63739
85681
91067
37775
20996
76883
57824
20657
25598
26301
99314
22094
65082
42875
7105
16097
13230
4467
83838
59379
49327
21843
45904
2795
41845
81528
68521
27455
74838
43461
61899
60930
81694
74302
29318
29780
97848
43860
46143
41814
9522
39774
80539
6238
94456
45357
41
63201
6565
2587
33810
79557
92039
21281
7594
16719
28341
66688
45218
73702
49002
56803
11549
2431
56218
42775
50852
38315
89183
44797
20422
95958
74259
52269
2168
24366
16973
83944
16256
5745
38869
74423
55294
39306
75708
29976
77144
34729
322
71649
85210
6546
27185
85932
52808
17105
12910
45752
12811
19511
83772
77259
9587
34131
14205
26629
49331
50192
14661
91438
78548
16783
91761
19898
6952
81193
46505
99780
42893
74179
82872
97268
15988
74278
8560
12244
97438
53996
15307
12032
93745
65471
48313
20642
64783
47983
58304
80738
74144
43171
36637
81957
48048
42254
35562
14274
18526
70360
96211
22871
93198
18149
32550
64424
90883
832
83028
88887
28787
59913
97163
68042
48113
48059
97333
43986
11458
5518
34868
93403
81180
96867
81904
49098
58891
13420
4795
18240
96247
70100
52543
56841
75101
59205
72114
60062
89294
53975
72687
76604
84226
46877
67349
45660
13934
35256
34901
38025
55917
86232
93212
22269
3295
56694
83136
16083
4192
94595
97246
68592
2865
18187
7684
76853
66266
51433
9609
80888
3319
74999
42802
54873
84070
91608
86999
64074
75400
89236
70106
2522
88623
64689
30283
62754
11084
29278
79561
37265
17712
78279
35739
25185
86978
72073
71546
42205
25892
87360
71556
69093
81519
432
3311
11443
6990
42112
50137
69972
9389
36488
2158
99864
10543
88997
69535
30653
60524
20403
86467
67893
64035
54006
80461
30107
40927
17244
84979
84244
43640
76559
46695
72850
14886
66197
95708
73367
30916
68792
27787
78482
30814
14069
30948
66219
99427
85358
57631
38795
92439
85717
71935
35901
9662
9473
482
58506
62280
48241
11075
80668
98771
94581
24242
33485
43915
80221
54130
10028
43724
21737
61410
92765
31340
11322
29523
42537
93296
23360
98677
81991
22851
75106
17996
35985
95498
47908
21035
97433
53167
85485
99694
83085
17534
4964
63174
87196
97698
17161
78801
66759
80128
28902
5285
65413
68210
18770
87438
40680
27005
58750
69415
78653
24276
44474
93091
48621
67431
29048
23930
19097
37857
31225
34180
82032
94951
8393
77040
42297
26656
70479
21964
8112
90278
3706
39716
90241
20292
99775
49502
11540
25680
93140
98761
23536
55542
58058
33540
43578
5569
1212
229
18327
87035
17217
85006
39540
59256
79927
20188
57497
73540
79301
46419
17747
17088
85452
95948
80313
96769
23874
77902
23906
15514
14684
59371
78163
26741
71736
9961
23376
82828
209
71319
44711
73185
91778
50262
82658
41731
5232
67652
30663
96302
45465
29147
9071
29959
52915
40529
80417
33016
1651
8947
9505
61740
42909
9647
73835
36451
97425
84858
25689
879
53526
50760
87714
65419
7257
46242
42746
27369
43140
69582
70799
53433
44827
53181
3490
37818
73433
32156
8960
73325
62707
91416
87614
92785
61919
88858
89107
19185
39862
21261
18511
9666
44866
60064
5591
64600
67374
41558
67966
71306
35403
44088
60849
76218
55855
55773
22385
14897
67428
64520
70572
43626
43725
59121
51637
42457
9572
22421
87393
6674
94199
22371
96253
11488
92707
44441
6713
19332
88985
44264
20855
15434
93598
36440
828
87262
77116
16319
4590
58343
49421
64555
96194
32228
43590
20269
58730
40703
7688
85494
98138
49206
12471
73454
86733
81040
94769
90644
33164
79119
88884
68802
39534
59578
72110
82005
69508
13188
58654
25178
23681
72978
33760
30773
28604
67575
19882
7454
86510
54669
70160
73755
76948
44091
69932
50709
5519
1304
78911
6521
54522
75071
77295
11748
10687
5208
85578
45408
78441
65998
11720
90428
18751
78487
57148
81422
4285
80530
29203
56157
53994
97606
17257
1323
17724
18007
42771
70670
15205
46346
22480
46699
16140
17802
37867
66967
95778
87325
36849
16945
91984
24505
6447
18909
7969
50184
64465
71230
7773
34077
20704
78954
28731
44887
55908
18391
71807
34703
51268
10664
62678
99088
4091
21074
23606
59063
80086
1252
26985
39649
26860
80597
75805
59980
89036
6299
38883
20903
66189
72796
9850
40215
53807
64292
76153
42911
46704
91183
6368
69609
46932
89428
38436
23368
32284
69583
66163
97453
49379
59570
37424
21533
31008
55766
17749
60933
84090
9138
37664
85418
35980
56256
90042
89409
1619
9120
76379
73042
58613
56514
57501
71862
92044
19244
76096
35775
44012
45412
28104
71318
83912
46472
5612
5741
60649
68828
64628
49154
79570
45781
98857
18571
44210
45993
73895
61888
34078
61550
22559
53407
28615
61262
53660
45425
83834
23419
89101
18959
23118
33193
22317
37504
80188
12862
88408
36996
23683
97538
70424
34200
93774
81217
78120
64556
85186
90950
81206
5195
27154
64336
23769
95829
99405
48249
39736
43088
78418
94649
16890
31494
19131
52676
60686
81077
1071
17909
61274
16262
16283
32639
38890
301
72164
56944
79920
25749
68698
79376
86207
18837
37536
81420
622
8233
62724
7043
96130
30772
99119
75596
55206
92106
34439
55354
28832
62795
23305
79597
16887
88931
42142
49179
86793
26540
48452
97255
12108
5527
56076
71362
10556
59244
59632
60522
93322
31262
78569
81810
71791
79729
78034
38567
92158
66277
34433
46098
64618
5769
7282
23442
86656
14597
52653
65934
16243
65915
56658
27314
72419
45221
42036
64969
62165
65850
19195
44907
40119
45723
31013
63718
843
23266
96088
70944
13141
29503
16912
78376
82838
7122
46578
81727
1500
32160
57565
24780
44783
3686
92558
21733
95429
70205
65144
52033
26799
20783
71907
40900
5521
78398
39732
8092
30665
87355
50066
94892
30813
21405
21581
58046
86585
85329
21966
71369
15913
70982
69957
52464
54095
56869
62295
26693
12752
49861
92514
91207
34513
15351
72063
96158
94228
12681
29758
19073
61562
46956
99903
58660
79007
41781
37196
86998
5114
62746
10808
87372
1147
62136
94455
11157
61454
33571
88125
5705
37368
87898
40604
42548
31168
69444
4810
26467
15464
41483
69810
95035
94517
25566
34714
93766
1716
32565
21396
52415
76477
36512
20875
84653
22783
1386
99173
26407
47093
38749
23424
29914
87969
50226
38383
26119
62995
81827
65858
12703
7602
79722
35846
5364
69962
77016
7530
54892
18953
63127
65677
73816
71561
17907
83522
70889
77712
82569
68040
88369
5700
86240
32181
94382
42737
2165
49606
59583
31492
19110
49770
44337
5929
82927
83304
6421
18895
74874
39165
94805
89080
12071
14933
54560
93170
316
10572
46521
86933
67233
62752
27445
21797
73274
55302
72499
35258
65014
67530
25151
39709
28190
67984
21560
60684
88327
63140
85368
6289
89656
27996
36197
77480
29571
45779
33836
19220
61807
76205
76132
61027
79311
72162
57950
402
30174
47834
43834
24148
700
46748
76591
39445
92472
83895
59335
78651
68140
67653
84989
17140
97046
31491
52270
47679
45283
83425
69742
58184
88675
55952
77797
36153
33646
65229
29960
55765
30248
30330
38223
13930
8760
87633
47689
88215
25527
9867
82593
58243
4280
86021
4137
98312
57455
51930
82853
10681
78795
13746
65013
66913
11676
48772
45067
27026
77924
60189
33702
71767
68665
84146
53458
46073
69243
23941
63386
90646
60759
7136
93278
11847
9751
26977
59015
58723
90126
1897
9218
94806
72655
94333
70049
21857
14575
73491
34616
90169
20923
90129
41127
12880
85862
73666
48332
23579
40947
88350
337
29546
26999
89738
60504
27390
22667
36766
37530
13424
64237
27007
16373
83119
51781
45425
50599
18617
60965
78899
20070
98951
8096
48027
92516
53817
97050
99504
80708
16238
29475
54849
43956
17998
71118
73840
19533
51697
2933
318
30360
10996
60517
16751
53399
83805
2530
17574
60678
91120
90255
1960
2124
63877
86547
94708
43807
11488
15116
6058
13601
44064
38624
15262
7323
63535
82590
71638
33579
40129
72281
84421
81453
33011
82976
6814
16975
97072
38734
57184
69454
60766
37825
80691
22929
11543
23805
69532
12524
3416
28004
76288
2624
65830
76028
23599
97968
39030
18070
30382
93524
71374
66267
23776
83396
16668
83890
92162
29770
45082
6747
18313
13744
70055
53866
34440
55333
27715
30882
62268
87716
1672
77982
18031
26081
87227
36817
40137
89408
21371
40468
19787
10482
49545
62489
20390
43494
27463
98508
86810
24418
70137
21412
28541
23942
19966
96273
17626
98918
23727
32153
59170
66383
47536
67039
10129
26953
76470
18125
49967
65117
36798
98212
60194
60215
42032
79489
1541
757
32892
3292
96209
89245
95004
65175
39067
79984
36403
19213
38278
50596
48146
44638
53745
51483
49446
93596
94887
64776
68036
83065
18927
94355
80757
88037
78966
92610
63491
11673
44301
82954
51680
99255
12485
92446
85582
52294
33353
190
30732
27915
20547
19772
12114
41100
53702
65984
62115
35100
98157
31436
52035
53535
48239
99968
66065
85150
37002
51223
80260
89495
88843
82598
83310
57329
50929
10944
54657
79073
18470
66226
43025
14067
31249
97523
8009
33022
71787
13827
18226
51344
60426
26793
96977
29676
1561
78442
45344
17801
17276
57364
46400
60796
90367
46713
73175
15354
52221
74163
84613
58032
46129
25749
75575
88556
59950
72132
28965
83419
50529
66081
73196
75717
10235
80110
97332
27008
82314
38550
9568
82577
97706
38682
79039
7356
53401
14610
11878
66165
45925
88634
56340
10024
23145
95943
75656
6326
46941
66108
51650
22814
33263
92930
18189
30580
99406
82808
14707
41748
73545
76848
8906
67787
53449
64866
14574
52449
65737
90434
73006
8718
86361
38256
9210
59758
42923
69868
41952
17346
22202
54256
6332
91646
69328
98864
31135
27307
45281
34578
71131
18107
28186
87157
23614
65595
50982
43163
15706
12646
81300
66444
20855
26206
79126
42459
81789
17053
15416
46576
27129
17094
26797
87634
44814
90416
37058
69485
1320
94069
30148
54406
58792
77091
14139
73543
46565
22144
77399
85628
27947
99276
74339
96845
84272
24136
91858
99663
29499
9146
11403
98024
94223
33108
84956
55209
62094
87077
91107
40223
27028
33887
85944
34582
6423
82990
24265
44769
27482
40048
20015
47692
39489
61475
47454
82990
27962
61777
45426
41435
59362
79822
33972
51370
23896
21293
74962
10036
87692
55784
68559
5454
47727
39421
59868
84559
3207
32994
22695
88748
13213
79294
90391
73664
25925
30627
81541
87849
38022
14738
95706
12418
54273
60796
78362
18254
46789
92858
57997
27556
48474
49831
53445
79578
20611
66666
37037
92347
34359
60630
74325
24577
4958
46881
30037
82377
90455
61188
62238
19031
17911
41972
28532
29389
34579
43223
10960
33531
30432
82635
45191
46069
523
77237
414
37354
28108
71197
39493
787
37087
49111
31911
14588
4193
25324
12093
73496
2582
3546
42471
90057
94900
41749
25700
28035
66436
17434
18768
95476
18871
7111
35590
22027
50716
67937
35060
17219
3030
34899
98531
55887
70485
44209
12914
28071
58946
9359
86244
67846
54108
9830
28589
29475
71294
37331
82392
797
89158
96249
94908
13458
31647
96323
30532
97785
12299
31108
78647
84260
34781
67564
78525
40954
92206
47065
18088
6375
8179
36625
20227
88014
34439
77875
90918
90631
61466
24003
1793
98203
85392
16882
15997
35208
61554
10878
22905
39071
96891
84431
4003
53181
66570
75945
2322
46565
98211
8271
7470
81136
30615
67976
99956
71841
56621
34802
66706
49351
73243
38648
82954
69319
23643
49387
14289
73662
26636
27897
15636
78095
21502
46516
75448
86335
39186
14992
65541
83074
35506
1159
40071
57803
9023
14830
17429
22777
82288
87018
31159
16235
53297
65001
77448
61892
18396
82302
53522
95001
51054
8726
13509
19153
26834
79052
93211
34399
70121
76435
45401
17173
56581
96406
60246
77907
19262
19907
86831
72662
66429
35370
42676
5146
73492
96476
94701
51907
48059
80681
84586
4779
18371
32649
65657
80417
71846
72477
33346
94006
40059
27135
59916
28748
97621
92204
3632
42034
27511
634
14686
22207
48607
20440
22554
28087
68637
44994
33851
80572
86627
79814
19441
88162
78147
69088
50735
69146
64795
16149
26304
51277
63475
35281
10907
48822
84893
905
36111
3211
13295
54521
75871
35840
94904
6161
75030
75569
14626
36925
74041
95661
42246
46622
21153
71563
51349
44924
30154
7030
14744
68301
50567
92427
1341
38731
79494
35652
54108
83080
13139
63269
49727
74930
14249
77867
86803
46335
80427
82813
96002
75231
49172
16974
70998
49273
91325
84222
81083
59873
9429
95059
71202
93095
4635
78440
59011
799
36397
27768
32567
54472
98031
87989
7260
9487
55806
11415
72531
34960
62933
21807
85673
30310
63755
25303
38806
1807
25661
17020
94976
30797
36882
9781
14860
16352
98167
59031
88071
55050
24598
96866
56866
47167
80656
45693
59368
24619
78485
90146
69819
74680
11375
15558
84227
64818
17599
30797
33047
49562
28009
57163
11127
96478
46981
26510
2444
31304
40306
69911
82426
24046
11207
99083
47569
19127
31980
17946
43903
72776
7033
22135
97963
603
20428
73353
74374
53074
94019
93680
56197
62634
29367
5120
10413
55131
2254
64549
88565
58013
91576
37585
84974
15743
69090
37963
99338
48880
46730
2287
36312
12785
45523
2488
40817
60351
95908
69769
12030
18293
54373
88689
69163
68704
23034
76465
98630
35118
95051
97270
31047
91010
17624
2312
35019
9571
38881
9615
92104
36320
88937
32224
19086
78591
59900
1686
61132
50014
98599
60528
88148
18801
37628
6582
84206
57303
65002
883
11572
79682
17907
87844
37988
33294
66727
15074
82222
87417
45700
49644
75714
34335
47114
52040
57809
8665
91641
56801
81250
46274
81506
87510
96628
22009
22127
7872
1875
77682
77352
78193
25976
63300
19533
91831
34194
36048
95256
85344
22309
96242
34941
36895
20517
15727
4081
5878
8303
20348
51237
48318
57210
41131
12837
96278
38094
22373
41448
79972
45314
88338
33144
80827
11509
69840
57579
56306
99391
37057
81085
95755
21967
56181
86500
55715
84273
63594
48046
66820
6622
41852
84072
33356
4712
86415
7015
39487
93345
38690
6983
33781
80633
26678
84712
22320
509
64979
16759
3718
6738
44543
22922
99007
27100
99171
70774
2234
70998
46810
15071
80693
18144
37937
44937
11052
66652
33775
17451
3242
75296
89976
30527
15680
61681
6760
90666
34570
12983
95526
87320
22067
90348
2202
12365
24484
93352
13015
93788
73262
24411
71589
97935
79768
42678
16668
19112
20720
5881
48808
79708
43597
76170
64718
54738
91665
85794
31545
9621
80767
84205
18238
45327
15736
12529
54162
80609
84570
65610
97439
61520
74378
34526
16924
37091
93134
47307
14884
67948
97356
76145
853
4019
89925
9611
35302
82732
75691
64553
66560
67129
85500
16692
2805
22573
31801
7528
17544
85478
2178
41948
3804
97006
86125
62468
83802
48298
12182
91780
5995
24516
55689
50611
80858
97051
14187
86007
64294
77250
91246
29211
85954
57063
12790
86950
16308
65002
67597
75321
87823
61537
55985
16408
78481
49555
31617
78084
66365
11963
91552
90045
7821
44454
58271
16203
94355
15560
73075
90198
61104
73401
72037
71589
56097
98137
49860
17295
60507
19655
6959
98382
64523
67219
25370
70435
14062
14834
87487
66702
93623
25886
47780
5459
32024
73169
24896
80328
22263
61824
56427
18274
22890
37106
26868
54497
87531
70962
79619
7053
20143
79624
35893
91017
98609
29080
23434
2150
83624
80378
27207
9837
26400
60269
56892
27315
97583
16062
88388
30620
54394
75180
19212
21514
82581
22225
49013
29576
94386
63552
50523
361
42230
3992
56052
39393
91780
83720
52486
86355
80031
42121
90385
44914
43010
31395
80818
17622
82370
37836
4157
83174
46208
3820
8066
91060
50229
88635
89462
77973
3427
86770
23687
89734
71851
65440
49509
44001
94715
47948
10
86636
61306
28554
43475
87304
2942
26651
76149
64110
8588
28244
24710
21793
85444
73962
2762
1980
6686
21018
29434
75993
49900
46609
68747
33789
9684
12499
70220
64148
93452
20507
57766
22585
94550
60665
66269
67930
687
67393
21031
94708
90509
91797
84249
48795
8024
69833
17766
57785
95474
5848
29558
75012
57553
1510
34568
75464
71313
61564
4942
37969
32808
10187
39578
48458
44432
2589
86783
25152
82799
83538
19573
1336
69395
37007
24984
97311
20076
47852
76607
48119
25223
66985
62242
25355
92755
10741
27512
74154
76859
39658
32976
70755
97328
27595
87724
90166
4984
46325
64227
69487
87068
80856
54235
64761
30233
82940
28142
26737
415
36612
7087
43890
53709
96293
57884
48386
90457
66288
52222
27795
51050
12882
99568
45358
29003
40206
12430
84904
23140
2089
94681
7331
81170
11482
94254
85652
51475
88341
880
41884
85631
92381
61105
17005
39850
89036
8744
65022
11597
56000
76593
10417
19433
37339
67541
79277
8765
33003
56507
758
14279
16243
26953
10907
85095
27699
78074
15091
5438
58358
94385
80830
54967
26530
74683
22280
6481
54884
35741
22747
64617
6103
92229
53991
13063
84086
24261
26974
46201
80007
37190
89509
36242
97311
32681
43970
15785
57326
17182
35498
57307
95567
82648
43750
21337
37258
55057
58666
39180
91092
98617
29541
86679
90144
18894
56942
86467
97540
46090
78772
60384
62053
30852
66906
44080
97869
54840
30050
8968
41226
41172
9654
25228
91337
53180
78022
6916
81516
83194
8507
15626
60839
59513
85372
63781
67474
22959
65771
37233
26040
24906
95044
90299
27810
36193
6109
70753
19719
88872
28910
7781
98639
36297
58112
77004
33339
73072
94552
12284
7502
80351
56570
32576
40204
28039
11318
4890
37486
57760
92535
67895
90248
47454
91293
47578
78667
26051
4746
45258
21404
47452
38660
74572
97160
28542
56914
82563
81977
56918
22341
53759
46275
4071
74198
31842
48600
42809
39587
37873
92506
81477
63737
89246
49969
17657
39872
21103
35455
18158
98086
74506
31953
48742
74160
20526
97302
91464
80283
86739
32604
57531
62026
26917
63188
4056
65750
20852
16790
9203
84200
25452
62221
79365
81343
65181
22056
72992
38681
53357
17475
30132
30563
18693
47010
84984
12630
63687
75573
64283
33315
84437
18843
96136
13872
32766
69307
87666
26204
70252
22756
61181
9600
75129
23920
76535
18835
37059
15625
82722
7572
6928
77016
5512
29882
79037
46898
76851
30683
318
11840
66112
90874
14808
51390
21825
59866
25550
7803
36510
8259
6578
93136
98950
59001
9931
22671
16998
45476
64917
45540
16127
68720
11460
18817
13235
95776
62263
43063
40037
86971
82887
62937
55032
94221
50421
90294
67173
63295
55507
84871
15367
92110
7974
67095
89625
99265
48960
73879
90699
17618
95286
40413
18282
98565
51903
69034
38182
37230
42389
84958
23863
12404
43400
12575
74812
18778
21425
10260
10176
41288
66645
3655
39603
21467
40813
77795
75268
17296
84633
50180
85783
71156
7223
33022
96436
92305
44837
68240
2081
44973
48890
7455
21186
30923
72193
79730
85281
21807
4780
13151
18143
14412
7671
1997
73741
13781
77114
52417
30121
70030
81486
54259
87885
95509
45707
52168
78242
94547
46068
44207
61649
36163
58616
69735
59203
65045
93499
18541
29212
14241
77270
90821
75164
99175
40900
22135
56815
91951
68510
16227
15497
86677
551
93768
44564
76335
34050
34763
39309
77090
957
31283
33486
9121
64022
33770
24415
99363
97115
72932
86006
84658
75193
30907
63559
70735
56754
72920
22203
27850
44087
38985
25806
64448
27895
69204
81038
74575
91801
87876
53736
53272
40093
96059
26352
86012
21473
93205
20626
72237
56341
98320
72755
57250
74221
1061
47551
18347
92
39397
89920
47803
60348
42533
80199
82564
90721
93686
1862
32242
99920
2319
70585
91343
19698
81588
28198
50215
78625
14518
82868
86924
72398
76989
16853
753
70364
30726
19748
65126
9533
36365
18111
66603
66524
92688
77930
9673
53324
14043
70293
3529
90252
948
55436
83643
5167
29033
17968
46200
22787
87068
51430
16169
65771
8395
18781
20693
10019
26190
94635
45905
25316
9397
8265
51577
13699
80765
52055
21745
8356
12370
61086
56366
98005
97992
50766
48269
86801
52434
48133
323
69808
82390
91555
46730
56986
27386
32483
65098
11614
19357
34082
10617
99630
43390
75010
38559
51022
56239
51547
23320
94298
50826
76043
82428
22996
75859
4578
31500
7473
27057
147
18043
10707
3137
5154
74567
39633
80044
73580
87570
26983
8166
53296
29420
97293
17211
90906
74915
12120
94985
99394
75825
57717
11036
55746
54005
62433
70679
50927
24747
55742
2681
3
39526
43333
9
10049
73489
58500
12484
2083
78670
62372
28655
76111
93500
69817
5277
54195
18666
60842
19979
60274
77537
60377
70918
38527
28489
16098
90807
6852
57214
72309
51849
18793
99652
48996
91200
52161
8131
15056
57090
75534
86788
36107
17748
1674
26035
46645
51571
76420
76466
4061
20827
41774
91195
21288
15127
36884
26564
20940
56553
97607
29267
50235
33516
35314
37092
81541
40123
96766
28533
70455
85818
82427
55229
36414
93979
10292
43040
40387
77268
41450
34375
96184
4119
24579
35547
48566
86659
94344
19114
50730
74175
12735
86696
93204
58340
18819
40874
42721
39053
35613
9860
10772
49709
90378
56894
2753
87111
42326
88161
68450
47537
15849
10100
36346
75554
7060
14974
61160
48005
72281
63835
1619
55613
3083
88021
20476
49829
30837
81946
67393
97832
51946
89444
7173
48298
92083
68297
4932
70841
54589
41104
16219
40866
74280
73271
60468
23453
34627
37874
8120
66329
68689
34639
24171
50316
46991
68341
28714
58022
77053
3075
98889
4475
95962
56428
85323
83420
6224
56654
2584
2896
95687
83397
35056
27822
80363
61688
90144
40343
55444
61411
30635
35808
76851
29169
4999
56874
65423
32781
84222
2773
22256
13743
11166
69609
90781
36040
71166
76058
40094
66250
47384
27874
47970
40835
50027
7539
85792
30137
41094
55882
34561
25720
46509
13402
56039
3462
31870
67344
47418
62976
64244
56869
42066
78310
17088
53499
91664
99401
32648
95330
98201
1112
53512
45304
16149
39239
12646
87634
15754
23165
67843
63406
38498
38148
7390
30690
10522
98310
69136
61922
74307
85297
69467
93667
94410
40464
43179
49956
70099
83786
81890
64134
65053
12476
55170
86999
24056
61484
96564
86330
33084
72433
84272
83356
11167
66616
68801
95610
10691
78903
24629
26532
16752
14335
80498
74753
95592
62589
26067
52283
74180
42851
41315
79152
23742
98808
3059
55189
44750
9944
69665
58850
45153
53123
25852
24602
23946
39683
29846
72173
55264
71749
40883
99558
34758
83573
22958
14296
56642
33885
26497
23473
40258
22595
3647
6405
29260
97814
69767
56347
81376
10732
56133
46391
63362
48425
97485
77899
84465
31799
3133
76523
27793
16786
83050
26201
62888
9879
75098
85997
89267
30851
57951
50604
64453
6821
24199
17577
80741
72135
61737
48168
58131
85167
76566
66727
13316
39951
88411
2272
94034
5511
46316
38532
8932
24651
33067
25272
8057
67044
20246
42372
78994
79985
30055
86098
77729
5832
82535
36226
45018
64933
41625
54590
72323
3580
8314
7695
16875
74
63825
83474
19450
36346
97842
89165
41870
5748
86001
23947
85119
3582
28621
14479
14141
16206
84118
69775
71391
38634
73284
73078
60758
75873
45615
52946
30164
54373
51037
38148
73722
21321
85706
20444
4366
6542
16372
16080
95851
63192
78205
448
10654
71219
25054
45874
52347
76592
28138
79483
81778
91760
30121
82798
2936
54433
33769
55598
87776
93058
95804
83501
23828
93941
29599
40248
77437
12024
72846
96216
74967
78972
24920
5564
4910
16502
66404
46705
87297
32645
86161
29282
91224
99950
58903
80581
23931
21242
18776
31586
95897
40994
49432
36588
11399
53257
82880
48817
67739
55264
6433
74873
49927
40185
40008
32541
94437
85196
63484
46143
39848
48840
10685
98547
58258
46781
37943
37875
35105
6507
58173
89703
46726
5731
72851
32955
48504
29335
16934
22482
80162
87602
18284
76797
78317
23837
77127
2032
22338
5774
49373
87137
89961
78373
85328
41435
55622
174
46765
4881
24922
16600
93361
6436
12915
69863
11547
22340
8347
49136
58171
25226
10385
6265
50042
20836
35386
48688
59254
53989
11321
32834
65263
99310
37235
23818
65571
88616
19302
72700
57138
31641
7091
14953
66187
24661
80315
28902
14613
28135
80836
87936
39000
53108
33504
11613
94993
48423
75017
54723
35885
89751
57053
47590
11032
21749
19107
82955
36632
96755
73851
54734
37382
94910
2196
47723
87253
63360
99655
67439
76228
5724
92511
86468
97790
84941
95303
4452
97693
75505
56385
40294
42157
24241
27299
95288
3602
28670
6890
75440
86597
16252
440
50282
8117
90607
60336
87330
30357
30153
12655
41334
73658
4909
95556
4758
1194
73487
46110
5009
37165
351
23468
96998
17089
73750
50776
59848
31629
95895
57672
80597
62605
66564
57507
59231
13725
38319
97781
57651
25297
24014
58849
66313
58164
59203
92682
25039
10055
48110
40088
6855
16235
25219
35588
71899
79414
19977
34496
22575
3306
71603
97476
40448
96861
20192
40440
80236
82501
5937
25139
51898
15008
12980
24586
62821
64661
52431
72286
91660
25943
82526
59614
82666
34655
87945
72925
1147
47424
58680
25093
14978
34416
61691
84893
47306
65994
22756
17685
4912
66925
98981
66459
684
60277
1330
7382
44854
58498
66850
30182
26177
23102
78481
98846
98578
46976
76113
78880
18174
96974
42278
87349
19656
38502
40574
33157
88030
32111
46689
41321
66193
33197
24226
80887
32525
67355
37190
37901
81519
64611
18164
15610
50889
22664
3668
87174
89256
11255
22948
70310
57856
95390
55956
38948
92468
62288
5609
86526
85907
37047
61936
44259
4202
54625
35883
2713
92429
2662
26471
50421
83690
90654
59939
36757
4595
97217
61104
27658
20270
80118
46737
86368
4443
42424
91141
9388
6730
58882
49786
39512
22050
69908
1359
91023
18195
283
70162
26132
68226
81651
26217
78262
40101
64848
841
54682
33159
98665
26901
70664
92067
58553
31459
84267
17834
78616
45009
56214
49709
14101
52502
43134
71399
73317
38913
40895
55688
81687
46175
77320
14177
96202
70988
81628
28001
34150
7217
54410
28300
57702
17881
82575
31744
7345
92847
44298
46311
35293
79743
72060
44371
88429
70418
7209
22927
30464
62873
83231
59561
47363
91655
49539
75532
9377
86153
44153
42470
96693
67488
23389
25123
6159
31860
6823
7792
31517
93730
17527
91033
20755
48308
68924
46074
72345
84592
63741
41832
15548
37600
74312
71260
93059
27639
41264
70039
35264
85358
75139
21191
41101
21756
99654
5256
79318
12689
53662
85039
75408
40690
94937
93734
49313
5776
28059
88899
3786
43587
26240
17337
46961
85829
55559
82041
94141
70153
50692
95434
68544
23225
65196
51542
51708
97771
88184
15876
78119
54326
13875
35084
83881
94891
36191
10699
85613
95321
4964
86108
88812
3061
88450
14851
75341
45840
72990
93787
79900
49880
83335
17758
99922
47254
86589
91338
22896
74732
9535
16952
90262
68099
63759
14947
3854
75132
11866
51624
44324
6677
91769
38315
70756
50131
74338
84395
63414
25497
40481
87005
50876
94544
56461
17662
65243
99256
18932
70083
47390
54812
83563
91645
84787
54900
932
61844
39327
97256
60143
60124
69477
16022
74072
43908
65514
81272
43682
69194
59170
30755
57808
38049
93539
39512
26812
16846
88355
52536
52357
72139
85637
40488
40090
88108
55125
32903
69327
75862
70913
27357
38687
99453
8445
63989
6553
97803
48942
48950
29553
23437
91711
97834
41823
52167
40774
48646
35390
34057
87392
31162
30305
65517
49993
22292
1275
86049
59570
64004
32494
77566
12016
64772
41656
85714
45523
82572
91181
27343
30174
92885
38953
28858
34913
1224
62941
21504
33530
13183
64335
49322
55384
49102
81185
77602
53793
81212
51702
14388
95213
56271
17403
2809
19824
23028
83997
33650
10469
26095
40664
82674
70304
49736
23897
4382
38830
68324
452
36196
68671
81726
97394
50088
70139
12716
78699
3704
53165
49958
55215
61509
41423
27330
43513
19990
7319
98550
67804
75647
10882
55734
45387
53332
14077
22789
92910
65291
73051
27915
54961
26225
79137
19301
75941
21826
27527
92800
56775
28300
45245
52673
74256
2154
6506
62256
47431
9596
1602
42635
13750
44483
37729
10860
91532
61415
30936
80351
51215
80998
22544
54338
18616
34300
15744
5969
13497
97820
2015
25455
70824
7849
27464
74161
80672
60683
7625
91968
99931
31741
40412
53083
37669
6803
49768
45232
72515
82704
77184
3021
31163
61307
51853
79757
99852
5616
54815
27199
91180
27363
17923
31880
37552
83050
30177
78245
61774
3470
53924
15419
26709
73954
2924
26273
88131
91345
76824
64216
20488
32420
52668
45759
92315
58270
96578
42870
40917
14636
41000
26094
16443
54340
22457
36610
27907
23807
86283
86126
3316
58804
7057
13239
62624
90150
21223
93034
6597
22893
69250
27571
65839
36691
19574
96602
52477
35367
44590
55739
67649
69261
74224
612
65320
52442
88836
40828
25629
17574
96667
82420
58471
16154
48829
45102
28001
16555
19033
83200
2281
63027
34527
77372
29156
26938
841
20940
48314
90607
45899
54613
76423
51646
97130
52386
93787
35139
85564
34619
46850
90631
47538
8128
16633
87696
95831
95267
35134
18365
5387
97910
15949
14355
69942
62570
30142
11339
24456
98593
3398
13104
4071
24311
69942
18821
24388
48808
74966
34823
39523
87290
53418
81871
37130
36296
48826
90652
45436
65881
34466
69589
71807
18700
1399
81691
1640
88663
3443
90216
50051
93893
71755
84340
8669
41966
84915
91948
17928
65350
67217
59925
87837
83696
97319
66681
18359
21547
24123
90318
68176
42608
9147
60430
72727
41117
4627
9121
19084
26739
23942
27159
50506
50353
74903
35088
75795
67023
55316
81607
43307
14418
1575
82912
21723
74375
41164
22817
80958
38501
57442
61303
96900
95102
22268
74593
50739
84405
44865
68160
87092
15628
99665
67300
72039
76652
4168
89169
50709
46684
85
570
17180
95047
74367
46721
1663
34124
77237
70959
78026
65182
16191
12081
8534
68269
92696
65301
7838
39841
62685
50379
71463
53211
9947
56300
49229
29474
9579
99649
44822
77844
68871
7930
78695
32815
5288
43379
91271
85363
79111
14964
44693
98012
60834
81665
44534
36237
79435
45633
69834
34851
64614
43840
71289
45624
74067
89899
85865
54102
66195
11346
67768
58939
31283
37367
58954
54731
8459
1147
42156
69615
64502
19425
39173
82395
56558
70328
37226
1249
71805
50575
26292
8443
1117
84505
64952
65851
16517
34181
93204
29132
5991
95840
40866
13291
75964
39730
92079
16866
11562
98355
47218
53360
55235
8326
31383
87060
60320
84179
14793
56378
95500
98218
60703
92030
45835
91280
86436
971
41220
37763
91801
19227
60774
68741
11197
3345
23761
24793
77218
23782
59347
75171
74417
19421
97859
85778
94638
13381
5619
55357
49252
20829
36176
58606
41142
66101
74764
40952
61232
31248
94232
35915
61439
20160
35421
93534
8917
58474
23111
32278
47099
48829
57541
83112
33358
49087
17058
80871
74047
99836
1926
10061
33533
93307
67131
22112
43885
46164
79510
27319
52960
74780
67771
98982
29402
14455
86418
89251
70366
77495
41271
81747
65321
45214
70313
30716
93911
53016
56483
11967
30129
2313
67444
21277
38958
14897
56804
24370
11181
42990
49360
70604
99668
30863
3128
17098
96970
48008
65088
81823
40293
44623
43444
98626
31489
80045
31984
60631
90495
54524
73247
98848
59905
20060
98744
59079
5598
92024
11729
78525
47479
8774
75189
8086
16467
98117
68531
55820
32717
52579
15442
23117
17909
75828
61932
43218
60096
94398
7169
27415
26672
95729
81345
2538
23512
58426
72991
20402
20290
41607
60457
13016
79103
29233
63928
30646
75156
43945
59073
99242
2819
45287
91488
32037
40288
9888
14960
97041
6445
43862
16454
6783
85256
85758
9754
7386
85331
59981
6257
40595
40280
62039
82008
72114
26221
12497
27127
99033
79662
43484
81651
75609
13254
84199
36403
23249
28103
44439
17700
94065
76458
86596
20311
61881
23007
77514
33090
3126
6224
32043
16671
17922
90176
14216
93390
48480
7978
65198
97791
76111
15061
84295
79032
94292
60052
6617
3018
42340
95532
21223
66738
51667
55765
91070
72121
68037
89554
92069
85228
46943
43863
54641
10394
17776
30173
13987
7598
7156
42613
8206
48427
2687
22212
17730
54066
86532
78947
18408
57887
20184
82441
21057
49943
14590
18975
44451
63270
60321
872
937
42265
70969
86906
72789
16769
78147
31220
50789
2971
57163
7739
24476
58609
46883
10749
39739
73648
58124
65401
29888
23412
47471
90878
17777
90496
83827
4897
46867
97262
24973
36196
92266
10439
52767
3316
64697
53398
47406
86812
58505
42148
43335
64771
45967
53106
36087
23603
97340
3710
73663
67304
9249
27291
84840
21203
13977
94085
36868
84767
26177
18391
15392
93135
51461
34188
73779
90045
20827
56522
29761
82022
29418
84543
6084
21882
68046
58571
83261
39997
62263
65156
11702
58401
24431
80490
49948
60243
11057
49026
14316
90635
85700
44837
83149
61252
61250
78074
15367
88237
25704
19355
85035
68876
14257
17431
35571
34721
39263
55105
85183
73605
21766
45393
76714
58652
94463
88828
72885
81690
63114
50823
52734
17641
16837
29944
10610
40267
17287
99199
91438
22075
5722
30135
77917
49740
51993
74584
60828
98933
82526
62987
26136
87746
87327
18777
20716
14361
435
14828
85459
18755
53965
26675
66658
24400
54945
1532
69359
20141
24146
97846
75176
29914
67612
95851
38560
18836
87260
32656
59874
16685
52549
45694
47921
67418
81129
48499
65773
63353
29202
83044
84364
80784
99938
30838
66549
61884
64206
54431
81316
50568
83075
81424
35631
63072
97731
37174
70299
29931
92083
59615
29830
76190
8837
98862
40264
11929
48818
48831
3071
70816
5752
45353
72317
10121
2559
90001
81251
44877
63482
42228
78307
13549
16933
21284
31779
99250
14351
94317
8316
60523
29683
77010
5660
99859
60833
93991
97671
67116
36425
30750
97916
16907
23490
16993
76075
4630
10844
7606
44223
77633
42062
20622
57539
15588
59306
47237
81497
30670
21176
74567
13865
30214
79711
80836
29805
89479
20456
39244
51536
64863
41121
54586
51859
89315
46280
13603
68108
68262
78917
83792
14465
9315
54814
29777
2404
421
25192
93356
5113
22105
2856
78982
90095
93745
4813
1321
589
23121
1430
82177
33957
36516
10453
4043
20340
54512
78495
34460
58180
29480
60539
61682
99137
58264
59957
98289
91957
93630
61759
36690
8579
15630
5763
26878
4112
69312
73876
49975
13106
92687
92761
70640
82118
70930
4044
10979
39812
10071
61157
79257
46476
95393
1642
41511
11553
31383
11738
62438
83561
65424
11381
55514
66828
36100
6535
26643
76420
39955
59565
8404
97213
11699
41535
55404
78487
54347
55837
8703
62528
71079
45634
73575
82493
62705
49722
51265
13760
35425
61189
80179
39704
28930
15596
62432
27375
91774
81544
33265
54976
62857
97957
4659
1432
40525
51249
29377
56458
34543
13810
50408
65706
56177
59658
58670
57920
19428
59644
82541
23113
28172
31700
6240
84599
86736
92059
75473
2582
57228
68654
65354
81853
41772
44580
49217
62825
8218
81620
27397
72943
76231
8310
85011
55054
12658
79499
37509
57239
34644
96308
42517
88128
6226
61185
5153
66138
64920
33154
61355
68707
99544
12635
48169
97505
22854
11149
1020
89308
17294
32123
84739
7944
7862
32864
14295
22726
96987
73074
24905
23163
20216
93984
62779
16846
68401
64386
89769
28214
56467
12681
43574
56044
17074
35088
25776
4508
75991
38634
63201
87264
17460
24774
67555
30985
37574
8059
63413
4612
9979
62277
54988
52432
90875
75961
28351
95403
64891
35809
20976
52174
9635
76784
82107
34559
96462
6560
73446
93959
98879
30713
88684
97531
10158
87289
79496
34122
63425
47939
35821
1008
50721
44302
38044
57075
99009
65437
1393
37561
76618
29733
33406
34676
18574
93469
18313
1439
92167
37340
46394
50949
11948
15825
96257
53790
91889
68989
90595
40934
3410
71511
44902
11658
38957
99468
14500
82233
90538
1023
16160
91296
55329
23871
11155
25091
8530
3282
36816
58261
38907
55686
82925
67965
4425
15069
50298
75516
65815
48614
13372
88828
14495
76918
91082
18194
61494
81628
11116
58071
14076
83445
83393
62347
10364
11062
79504
11328
92078
4745
95859
53196
86136
7877
78033
93663
45161
33966
84189
21768
47006
89397
42589
57189
64390
81893
7151
17739
3132
32198
52411
24972
2166
56020
16002
57529
33024
63279
37453
25255
87411
27188
65354
90783
48402
36801
80882
42860
6532
63226
16757
6274
65792
24855
95078
24018
15716
49870
93397
18433
47280
90424
11292
10468
24127
87089
44812
53910
71739
61205
45148
84966
54449
62515
23572
26361
4605
55019
80344
24832
92513
81824
3825
8956
76756
42065
24097
34913
47975
69348
20931
23934
65233
36261
78385
2036
82397
48354
69970
88055
672
21027
26623
43260
8484
61438
1535
9202
91982
22434
86383
9624
41164
22948
30321
80780
90152
85644
60269
57961
72643
15641
87763
56815
95374
71611
79053
21592
69047
37388
59709
97417
24969
33865
6109
90782
76270
79940
72645
88072
50855
95138
66261
82307
52827
61922
54533
70306
33524
33369
77066
20346
13801
73338
25724
29678
83514
64246
11825
63499
81510
63737
88178
22664
88872
54005
62677
27194
16111
97791
18873
95505
6706
36962
36700
69898
75669
39206
94098
22178
20646
39734
32904
64356
32575
30395
50170
65620
80236
66691
72221
27210
87797
37215
64042
79101
72140
3884
8192
79664
89227
46269
99410
8573
72354
77898
16523
70693
29551
27165
69931
74308
1201
90421
10711
3718
13912
60532
10673
64245
51081
96144
13224
76140
27360
51419
3176
80413
25263
47554
51440
15296
37565
41520
17078
78326
81608
68355
95260
29928
17655
81911
18557
99398
47776
82757
50793
8623
45163
91790
24215
51477
31378
77065
10856
39568
66659
18758
75872
57807
4535
2242
33151
46142
61530
85018
61995
37535
1401
47416
56551
11323
78133
88452
73558
27265
43320
65791
78168
88967
23445
62615
73774
73104
14483
49694
65820
85468
61204
28379
69964
62112
46177
32795
7061
35163
25481
93174
22580
7482
55358
7140
85877
16537
84367
75249
64843
72320
94137
15585
96789
54676
65477
69845
34556
64435
96146
80298
9315
17066
32399
21329
64551
79889
4566
50094
47256
27341
97687
80713
34891
13564
73229
70613
15749
63966
18156
51776
72091
49816
36962
70764
54013
82833
63539
778
27892
41899
28241
21945
47143
19100
60397
46367
74444
99537
57559
96613
7468
43609
36556
79136
89149
40173
8537
85645
20350
4320
91789
46844
88363
17807
32796
74574
98549
33885
77835
99788
52357
48776
80062
99059
69954
17596
43666
64544
93134
83306
85354
51566
13945
76282
92072
34628
97967
17934
77550
63105
1728
87549
78103
79842
96190
88212
80679
11150
18622
86874
22479
1898
30621
95709
52877
37120
14534
82123
86916
63987
48674
31259
52551
67864
26175
5772
72705
54185
33787
34286
93893
53019
90612
54611
87735
8498
98193
83860
20089
14246
54465
78810
35639
91597
96355
24246
6541
68405
43535
91313
69971
64156
98677
84242
40592
56107
29681
23218
22672
14092
33255
97907
43137
40386
32082
22567
77722
89923
82916
54012
23029
7519
69824
46452
58475
27473
8228
42711
46104
88482
66984
6279
73804
32169
76650
19090
42514
44080
88073
85257
98353
52561
87816
68880
41690
76399
5621
38432
80613
27790
9843
34548
43838
72968
87057
39800
43792
10210
89537
25008
65707
15582
2327
19480
2227
80203
40750
38429
15907
58212
64153
33258
31736
4884
89022
52231
71073
81158
98926
70732
61244
66344
35310
81094
62838
58704
2520
79331
78582
58008
80516
88136
46632
82035
86144
87266
79514
18882
86071
80650
77409
79060
8832
13292
7730
24896
74426
70935
93166
80393
58584
79702
65488
30095
85693
53628
7802
23151
57387
94636
32356
17131
95125
36852
36417
27431
25566
48056
39977
24928
86541
95101
43205
7169
99857
16610
17352
22309
32162
22626
79606
65897
41524
63281
81655
13424
91745
12807
662
24750
89392
20065
22836
6922
87665
72472
90279
95795
24348
8323
51929
33117
53655
58828
9197
65093
15833
39453
99955
85167
22572
74585
40802
14207
59548
50232
36021
89676
60937
19601
86440
73881
63310
60297
24635
24436
58203
35520
36381
47840
2898
9161
56986
55012
63470
41500
47666
87241
19918
21934
56604
41330
48379
93954
98570
35311
85383
33931
79063
69479
88113
22177
23114
68447
17533
14862
63147
28262
51410
96583
66661
88805
73762
34725
62822
12737
32236
6098
70315
28826
93459
75638
59644
41513
43095
10561
5179
3579
53831
12632
34406
11394
73577
74517
71246
12172
35600
43344
42840
4374
45607
95559
5642
84355
7810
36924
10021
41461
76956
82905
73330
24750
33984
96565
53552
62096
53556
65344
66871
49214
86196
89719
75766
36566
76317
86145
83700
41630
56606
21582
13654
52097
14465
19541
76770
77530
74229
33832
89052
32549
45763
19222
98391
16906
23692
99205
27849
58647
50946
24369
51736
56589
30194
48145
91890
39955
48271
17905
27940
19691
67345
5459
53312
30873
81128
70361
86203
52056
99011
16673
12964
75853
28677
57568
95044
94168
48322
83907
29215
99898
57581
12384
70206
24051
79541
2189
41504
83540
86605
66942
55565
44571
45520
54793
34878
13208
22786
90143
27304
65614
91751
40862
15841
89888
52474
7767
46574
26302
95657
19299
47920
18507
54290
12253
73673
50220
50810
52072
75994
86461
80196
93168
40913
65653
45251
65829
15631
90078
94739
96478
58165
96247
76710
38995
41692
24141
42890
48084
20815
698
61491
57878
58977
39050
6738
89524
23536
18210
97701
2584
81022
89837
14323
90349
10394
84864
17611
35964
60260
16805
68788
86236
73945
50829
31939
74514
42270
6882
79526
39738
8970
16728
96690
87660
10942
39885
90423
30587
46804
15602
23419
22699
37030
74533
98949
50421
40598
78397
7688
86958
80810
75556
48518
55804
78449
81525
36489
34668
76989
47677
48678
81180
11003
70545
37149
79043
82309
98041
88720
56897
75178
79888
87218
74506
19973
7465
96955
33407
19024
28257
32509
75469
17146
41924
26620
91174
46054
14636
55777
47954
73699
23534
59203
36204
75717
45581
27801
10902
3013
88058
43247
51276
14916
63448
78185
98689
54697
83564
15135
39340
85835
39403
33187
66073
73393
1915
85102
95667
55760
90935
42051
26969
41454
1644
18024
9234
4330
63378
1419
68693
26766
97688
80883
58644
68139
22792
92190
47877
71575
33485
24497
63374
74744
37794
5053
3212
11751
3975
92476
2977
38592
69885
52397
95298
30818
86252
10074
85800
4768
75556
37646
69069
6257
77372
33433
68634
65951
28027
26934
82913
84741
79796
27647
30735
58859
85590
60995
78407
70069
83887
78748
47051
68975
76314
20717
8603
11483
97966
76977
60171
41371
82664
22375
31082
21251
73161
60095
68100
29893
28419
98032
68477
29993
45851
78283
25447
963
59550
57906
40711
53097
24376
25559
1314
32136
72432
87289
15063
93067
85139
33598
97687
91574
95953
72822
14120
40947
86216
83361
86980
38358
16376
62175
92295
41417
47520
58910
11437
24062
46934
17359
64909
32632
36486
15475
50360
74133
22041
54802
93359
53492
66192
17275
4422
59465
5245
37408
16559
42704
41275
38531
13935
54906
41506
20631
29828
37998
12234
97756
55396
52836
59272
63051
55734
88246
4476
20457
31412
87719
1792
13607
5807
98472
8026
79152
49406
33219
64605
3792
28046
30927
15223
48939
68607
99978
43582
62093
67892
52092
21639
85828
47708
82524
54464
40817
91580
82965
44160
11088
59247
11927
85317
89288
80713
29979
19640
77705
41884
19662
71270
1188
81957
71962
3995
59222
33
56607
45108
15285
93464
96072
48983
74484
99238
42095
28386
69904
28713
70106
82916
21836
60327
48636
50803
20459
61792
31285
93306
59570
39817
35176
78580
19396
74564
6888
57898
82881
20180
51069
81562
92367
65389
52736
59586
3968
25859
65940
63969
34186
28797
84838
89854
37771
81782
29960
34461
73489
4318
40151
26839
8490
85658
39029
88599
8242
81088
21853
91435
53945
5883
14719
27753
83264
2667
86795
3590
65620
82483
9626
21321
28196
10843
67627
85322
32896
35386
29713
80753
34886
5416
93235
65419
588
86697
26793
39343
51624
27121
98775
44362
64312
95184
60499
3962
17573
89741
42740
73000
43488
29783
75995
71878
94131
99151
67913
14812
99939
55643
43062
90763
70590
91640
47396
15184
13177
84399
60807
12880
959
45618
4869
34210
6523
42166
7916
22322
38949
15589
886
42252
97810
97723
23966
46710
98395
65124
96838
33159
73056
49241
10983
95395
43760
29744
65261
19431
84847
61610
73467
99078
28116
98666
82312
28569
29121
42707
75104
48623
85376
46395
97747
73170
37272
38997
27257
34749
67636
83871
32904
69361
73516
17414
76947
26479
18807
984
68548
65794
71173
18764
64675
95169
67151
53543
82526
87127
78228
84701
65968
54000
79707
31053
8789
76676
66326
92832
35738
54226
24312
47891
35686
41481
43452
57414
7561
35027
53676
25930
70443
46549
73975
14723
12502
33676
17254
44943
26612
26873
90054
76710
2137
54118
64546
92237
62678
68593
88679
46101
72879
7811
45876
57872
73122
25190
19238
60096
14083
79187
73658
47062
80494
72375
5555
89386
18473
83834
60812
76032
50471
15415
50048
90552
21166
80814
68340
15275
38328
97027
4152
48979
4899
9514
69075
83581
47009
99637
68393
6032
48230
44469
94929
97298
62917
32950
12318
47536
87672
51551
74664
80621
82724
75973
64248
17308
85426
273
28149
42310
25762
33995
82466
98463
69008
3549
57908
74792
44924
76652
59297
43195
93937
79884
69296
49940
53570
92720
47051
3430
20654
45694
35662
26360
16949
67802
58680
31510
57456
91515
65762
96555
54909
85208
44799
1438
73490
99126
92717
51364
7059
75993
71069
81792
95033
2216
60723
53655
31122
77501
23449
7672
95414
79912
74058
32363
63562
32912
28152
14063
71216
88448
33336
74396
60402
10870
26152
73091
70762
4541
59785
12011
24085
92764
94704
82200
94559
36233
9317
425
71468
91706
59674
72650
31109
66514
55707
74598
62498
6672
56495
82837
6909
78426
4763
12590
92034
32416
7775
38665
72636
9623
33265
81731
72864
11259
2488
90764
61756
19005
70061
29102
87442
10703
45338
17905
13980
93429
39681
36217
81767
22184
50466
34797
53121
19037
74918
86080
88474
365
46983
26515
24661
8343
41169
79728
24140
8398
47085
66468
7977
70856
367
91054
20368
84129
62045
10033
97842
10801
92510
90745
38831
21395
89461
77795
33433
69455
79533
99483
99204
520
73950
27082
70944
61259
6608
51512
20559
836
95201
6603
16215
23551
94320
92461
85170
97254
43476
92884
19761
8047
39404
50667
10816
36057
17288
99022
45558
92622
49494
9436
32671
57637
22260
32411
98686
40922
22670
82212
74111
71953
10285
1297
7133
80532
17776
9861
20321
19252
41362
38519
31900
58432
44564
71289
9598
95851
58545
90898
25664
2250
73144
59631
10216
79601
15682
15662
31489
29398
6639
74514
82933
51138
81567
43030
37606
50596
47838
84731
8937
85703
40736
92224
86506
20668
3429
11287
62656
6133
57074
76790
93317
93954
40051
16331
97856
52893
14152
78595
51038
1832
7954
20540
35589
29823
93978
58427
2366
72901
66642
84545
92081
38932
47569
33830
54668
78337
55294
90582
16063
28946
81442
2572
28926
59664
65686
94292
82268
96110
42381
52119
74448
15828
79762
46652
77563
94318
32434
41343
1806
70913
32675
32487
57320
24679
76526
27867
5043
22694
46985
67297
20244
76788
79442
29735
96886
21405
52532
72669
7067
5239
95931
81355
47369
89136
72911
87731
16788
82185
42205
87993
87575
90828
40136
63783
59757
69374
49654
14602
38047
39289
37231
21893
85004
21934
37522
44357
88345
93289
91042
99432
94291
98197
3014
51479
94279
2038
29448
93814
97037
77204
38329
41013
25852
50871
17290
31700
46305
68113
57369
65230
79753
62841
95172
55012
52324
18253
71985
82172
59760
8604
61920
76403
14885
94168
40660
23935
98956
63612
59903
1685
95641
73956
89175
71643
20425
90278
31383
70629
30675
34779
67744
11487
16960
79487
45402
86877
19589
27754
81154
4931
8434
73716
47434
76907
17476
51059
68996
60676
38417
83827
32805
33795
18324
32769
88351
79568
27366
86506
58275
62871
57350
84730
19462
64752
47572
42667
91820
1180
95881
8363
13656
95400
39308
94129
34825
85665
3896
57556
4457
66056
87489
91280
81969
8743
13843
44701
47335
99715
32097
27768
35227
55758
47331
26436
90811
19772
36335
53790
89620
921
2559
86682
61037
52654
46090
13713
10736
60264
18431
9698
58729
57460
49858
50324
98027
14969
25989
65995
51149
40401
25384
54349
71341
75990
26629
32458
15579
8356
78221
70301
188
14246
92897
88898
12202
97499
61382
63759
74339
4853
91537
26965
48595
88377
99593
75108
65579
1230
44539
70615
91127
84094
39609
75573
6842
38942
45120
45036
28988
51172
69608
3798
81393
61875
66452
56564
34191
90760
30566
87533
29602
31914
22301
17167
34804
7834
53413
95623
78726
5328
23826
56977
18445
12941
19225
89726
21942
59800
55692
16429
69512
67252
82411
48701
75114
85692
15451
16787
35319
56246
9173
94420
31687
96484
15048
28433
2760
34820
36030
75512
57891
27600
3734
33400
75319
58005
14658
8758
37859
13343
23480
3294
69414
7144
3519
94900
32166
99821
26475
12379
51430
33376
22254
70681
54901
11587
94519
57548
94055
68546
71020
44592
38963
53449
30518
59007
60450
42377
41187
99114
20246
4883
73821
80888
5347
1378
88008
24009
53990
23780
44269
31395
32140
36430
9160
34842
28797
17249
22828
87690
32562
63976
94506
63692
62989
71145
77099
19976
53759
53146
35595
50856
49427
48614
34873
41009
48081
76257
55917
9476
86793
81051
99092
58716
45480
75017
5436
69740
67335
23744
77023
47062
45930
80347
88273
46350
6720
81140
64479
99214
2089
72415
5995
22749
68085
23297
78784
29536
15712
8846
80275
51322
39499
81063
12376
25873
21399
30910
53233
39056
60760
93297
88003
52747
85061
71550
51412
60050
96563
13776
97701
20565
13839
64889
66890
19855
20099
19460
53787
98027
65421
72995
31472
51474
32089
38063
89665
3594
96549
46196
49152
47393
97475
47046
99035
19999
57929
12164
37971
95497
23586
33555
71856
32563
25820
14514
66746
13890
2360
81324
62357
24294
62311
97993
48572
20065
35258
63104
75734
32310
85647
36530
95256
93592
63668
75305
17466
39457
35787
61548
32261
37784
6530
99344
36653
84782
70727
97701
40007
78837
16975
94920
49386
98390
82970
66750
89989
93691
97558
76518
5256
6961
17206
45197
53341
72432
61308
29072
90312
87331
86865
63777
47364
40941
53641
31636
8297
37885
1290
89836
71827
30004
83886
96105
65025
10224
84464
22311
71466
1237
71475
54654
19030
88699
80909
38731
14031
84668
50883
84042
88267
62959
87105
75441
10786
21257
66597
79224
71920
53390
35274
44113
14891
18103
92280
96670
97143
93701
91834
80754
89104
98864
75932
64451
83606
14750
38899
72658
95553
48805
90042
27937
72841
94992
3310
66358
254
56427
26287
99544
81729
29679
29696
9626
51344
30954
40749
40078
8198
15136
56290
5200
78775
29722
70624
94617
40141
55716
3304
61337
87761
60303
36188
12915
13246
54367
36185
63098
9934
95451
2672
71009
65824
89555
79265
69778
55558
41897
99829
15438
7996
54596
9302
38590
2672
44461
90336
11877
55642
16609
4985
3142
96029
47676
65130
47007
10053
82407
38898
67997
7909
61108
69803
18680
89758
60413
36007
95433
97213
88736
12421
57306
28945
23642
52476
34867
10681
67264
8527
6132
95167
63637
39382
13505
65985
85199
43625
44032
3979
18779
54137
90056
9389
69497
30691
1135
29774
67010
57365
26483
22332
68053
50007
11942
43692
36995
71685
70536
67187
97758
68824
84798
74857
90221
9309
36460
35112
69493
49817
49676
11312
2636
58153
64476
90948
14414
97760
63212
55599
66052
40738
79141
48669
69701
55338
65935
87160
31556
19229
65616
74092
70608
95198
40959
85988
62864
43565
74375
55677
75038
20085
24346
66790
76714
12953
55814
15525
668
93711
1964
56163
17770
54957
27669
64066
7993
80579
69527
42713
39294
44358
70794
70061
63098
13297
74155
53771
91647
30096
75680
76361
94299
45327
52357
89592
1112
56568
2030
80439
67011
97392
75934
20300
20808
26714
23460
78668
86680
70075
3813
72915
67878
33883
35366
40247
40733
27530
93941
99011
6018
19194
88641
83472
6922
97408
69226
83943
18793
73316
13235
88047
8855
83647
76711
23834
96557
57276
8852
94679
91502
87061
14915
59220
52132
49047
53299
82992
84844
5763
88187
51832
23328
93680
30973
26468
43192
57572
65178
41827
40505
19446
17009
81192
46471
24015
85398
574
7343
65775
3550
25698
88580
70483
96209
55739
81910
35264
60689
6197
27613
88255
98780
51811
48768
58321
10656
61577
91540
98159
36747
47716
93918
20459
14902
8668
11981
10302
17097
97313
9529
47046
40005
81129
24022
80248
43430
82280
14302
69317
7677
18692
94480
63121
53487
96280
76537
61905
80239
57017
25991
63245
77602
9275
62666
10200
75447
12295
4961
87380
46279
49999
6045
43475
94882
6593
57808
15170
93720
5878
2890
4308
51067
98830
14435
90050
93821
22405
62946
67099
9797
22564
11661
23592
94707
88238
18157
26920
91237
75183
52664
3905
21577
33555
68989
48606
58802
55548
53528
17666
1203
74113
82783
48884
95248
12584
44717
77343
44313
15870
72869
97835
64322
53506
7067
89747
91618
39060
5607
24951
61361
52224
84558
6696
27886
41005
49780
99094
22815
65498
48088
89632
74731
27259
59636
7192
41682
37909
19429
28205
20611
66619
62336
89287
43597
67257
45965
91742
53105
46815
48297
1881
50423
92780
90693
5650
45848
7156
8284
80304
51096
99757
90503
85997
22334
72384
23845
51763
41224
69450
87177
84070
99027
21715
78172
26636
41134
60559
19082
55536
15287
13426
23142
31000
56723
96726
70740
62037
55984
77308
91025
65334
42012
66648
59241
27701
58497
94068
61842
60933
81571
7374
2861
95874
1276
62789
26525
11064
40579
73491
20665
39710
83668
44121
18486
94680
68573
24403
89536
84059
37174
16951
33660
69619
39736
21409
95227
51488
3953
19820
91323
6144
86497
93736
11718
63785
46994
13249
91220
64413
39450
28871
89848
86123
92527
70129
14558
20423
97286
76081
80391
13761
83396
75019
67108
24329
61607
21406
18396
18988
61083
51565
96412
29039
86360
49817
20966
24181
43580
42054
72086
27469
98083
36237
64824
78134
83393
76903
17367
11119
31136
64665
69165
25758
67239
14112
97040
61287
39374
21537
55299
68905
61338
96180
22278
45901
74680
4298
55175
98598
16753
83504
92150
73713
7118
57568
33045
46009
87476
57537
5755
95060
56998
33910
42457
4142
22266
15600
71871
87501
40511
59876
56824
8843
27122
25681
76910
24181
14044
87228
7437
72490
4695
51488
3935
88752
94639
70577
70348
70232
26678
69761
90481
7837
24070
63916
97906
96187
14359
44391
34773
65616
97749
25064
84526
93206
69373
85989
64669
52675
99558
1812
30377
15557
80920
52300
58096
66235
9890
94061
72235
875
84013
60960
59298
28254
1174
16989
25369
9938
14195
53410
22082
94267
37497
26052
6819
4192
65930
36533
7566
22111
76219
6147
61815
91603
13513
21555
95539
39804
40881
43135
52507
98107
65602
63830
92872
7193
55780
55659
3944
76541
49731
66635
63065
21422
86120
51736
88249
85316
14291
90657
89009
20646
12287
20668
1454
99699
88118
39905
18543
40800
14881
82569
24443
32533
97118
89276
40704
62186
14780
83413
89965
5472
76276
14078
33283
72040
25810
30037
26320
21952
70787
86771
11287
89473
51729
48004
35331
42690
52082
21997
95258
82779
92088
40209
74677
9816
49217
99002
19170
97542
44679
64253
92731
50856
46117
82102
498
10156
4767
36002
99728
60599
757
58034
79740
78608
86001
79879
56573
93333
63213
35641
85729
47631
65610
73229
36369
53214
59748
67289
98732
95628
64617
33990
86510
96145
32345
9912
75245
72366
36566
3695
4056
70887
2521
29123
15620
83692
92973
87134
24019
18586
60811
5935
65582
38363
1980
9705
67782
64184
52115
42447
72639
79837
33010
35487
77743
20709
83114
29994
71508
19338
19683
44925
17373
90582
82516
23306
90908
74638
63517
93018
50153
55255
73149
5687
68
51474
39306
40254
76894
68165
51547
66814
88309
73779
28816
63006
45298
70376
77704
80217
99813
48852
15492
49764
77636
21755
3989
45945
5482
35487
99487
88864
12694
22627
12161
92915
85893
2289
56019
53242
63752
15970
78076
66113
66479
20836
14507
1659
10434
65870
83766
318
32970
34333
54555
16336
41260
62253
67080
42817
27697
37992
65955
65334
30792
81750
50218
47164
55774
63587
1204
52870
88109
99177
33349
7164
10744
12341
15452
34347
35601
39802
34943
86368
22620
95622
2744
6470
40762
14564
84786
49379
74047
49599
74022
89536
59641
26810
38724
87841
3653
73357
78605
33812
98459
98955
59265
325
46358
2945
76385
77753
48223
71395
71123
59792
20011
54240
95983
97504
74367
44654
81544
61839
17362
1029
89242
65986
85279
25297
27210
22431
6803
7762
11341
81256
73169
30923
68944
65302
19736
15199
43329
78846
31273
14125
93801
16311
43304
59563
37072
41851
99940
44436
75317
68617
79636
76027
88141
48180
51022
35623
98356
95006
40588
57558
16297
57283
23592
67684
84003
71841
48672
72857
49806
60976
88174
23131
415
20674
61594
3868
61966
13873
98
87405
9913
43081
89465
33412
39677
53130
16833
67674
62530
72595
63830
60180
86015
81490
30001
15384
26552
6773
9467
66307
27253
79428
40595
73915
79622
85232
961
35418
34936
67214
81544
46106
85376
67465
48715
9229
32041
3981
76759
73707
58216
80495
65806
2375
67276
57551
90359
56656
78237
28644
73016
91992
99713
33364
19794
55270
94869
47992
24796
47174
70069
72558
39881
10838
2972
99674
98733
17144
14427
36268
61501
34487
39924
99172
82014
90619
68024
29841
70607
72926
85263
84486
95146
60165
87108
6735
7574
49491
65284
10631
33695
83484
52191
31732
52604
52855
49443
3204
71433
97385
19256
28174
65663
49645
74680
53304
98701
90158
27186
29068
79514
19642
83249
57763
1936
31060
60080
18173
36609
12752
73084
73474
67054
42996
26610
31949
82015
24163
46198
61960
75297
79932
13438
16059
5577
85491
95613
43034
99504
59622
32057
63954
93706
46665
15528
96645
47888
16430
69904
92304
99379
27331
4133
26060
99996
38525
88683
56567
21128
29253
97135
14981
46514
69835
23585
30375
72132
81394
93881
62501
65087
74728
62225
38050
27422
16329
14180
14334
49274
79518
52594
64262
64775
23484
93941
59940
89717
26474
97668
78420
29876
79409
815
16945
5944
49368
47252
87240
75782
88225
3203
93886
34279
74086
39318
63124
14907
93765
