6803
49501
39600
42876
84343
16241
98646
73517
6329
14136
12826
50712
43779
22109
71885
70728
86633
9925
1288
99074
10540
6263
70504
57666
74840
64401
44783
95540
42969
39295
74916
90312
37297
55600
47657
26182
92758
82869
31883
79798
25477
96364
96699
34782
39167
43615
36570
49632
38191
90037
56425
51783
53081
73666
47844
88738
65330
45385
65625
88458
75813
98880
22981
71718
52078
98546
47008
61902
21175
9788
1787
7934
2839
36610
72486
73583
34956
24655
17891
6054
31832
61084
4076
11390
38161
2371
35531
94276
10608
98060
6135
44766
29734
38631
18088
10147
20900
53880
95667
32567
96626
65387
65809
25338
62138
37117
7737
54802
55981
82915
87170
81483
20113
13396
46796
24016
2632
22609
52476
47868
71010
20977
85263
57940
67913
5614
33476
74962
52214
16195
9346
11174
21688
61895
34651
50525
44182
89389
32999
58140
31776
4471
83398
64823
56265
36634
62097
10793
14121
52565
75364
63118
52030
10184
96317
73552
32070
7079
65809
19233
29288
8005
19929
74168
53526
13082
92531
59639
62917
71655
50555
30237
36061
82903
94579
28553
89368
90778
54775
7586
28624
99159
61057
29682
2603
59955
21325
46471
78352
78413
16864
94755
74552
20197
75291
93133
61925
32804
44423
27981
76370
75840
67285
24742
39105
18377
69174
88504
87251
40454
99712
44766
81861
59238
64547
86175
31331
87559
26442
87249
34331
72739
73326
32977
27491
99190
73191
48086
73642
87545
64662
41654
89016
346
65603
73739
75078
97761
38581
67528
98634
32928
8875
14773
90931
64058
47542
21315
2913
97000
35085
75794
30894
68767
10746
1060
4651
92188
89511
71954
69416
81177
57030
32668
36129
17139
64970
53962
59440
94688
46378
29166
6554
88542
88373
37337
35033
87648
16809
72586
59367
13002
55005
2293
87776
53842
69373
35239
53093
37580
61852
87192
97436
55399
1987
21399
48332
2338
28109
75167
6362
72560
20439
57370
76258
85045
58942
38719
21899
10198
84357
85659
96680
38792
30187
37971
15187
93955
3214
83991
51415
28638
43259
96258
5684
90215
51288
99321
66901
46233
69528
22604
51867
6446
61246
31190
31135
16199
66930
8317
49
71580
92539
43863
53217
51762
35647
84123
74933
59790
79617
4947
38281
15392
45718
2427
15219
72115
69313
45027
79920
67966
74553
78824
74037
5952
29944
13368
77804
8296
51445
72629
8222
94722
6389
1549
89942
67663
64618
73215
27679
18888
46951
33199
8911
32824
40820
45958
63924
18855
42153
76983
39548
33166
48536
50848
43556
90903
2984
75035
67404
59644
64405
60743
37676
35636
32926
66272
52482
25998
38549
29491
33848
25876
10073
41945
39422
95857
58474
31835
31854
41748
37490
99801
49641
41399
29235
54626
53687
97687
55760
42119
90474
30332
52615
20245
60346
88657
23960
23336
80934
77531
32325
93095
91691
47357
41803
92231
22637
8293
24445
96346
18451
11097
97825
13055
74372
26544
51156
6534
60613
89672
68703
42573
98983
10300
17093
34367
11413
56683
94833
39485
48806
47499
93679
37894
74504
67546
83695
36584
90001
84162
19574
28118
36651
38473
63664
43014
22853
53296
23682
74698
75278
37005
69042
70720
89067
86689
73011
89873
52005
46934
31732
24827
25004
92789
36970
59634
39668
94102
8384
81554
50452
19814
86844
35677
52411
30230
33769
14271
66439
42548
90510
25368
40904
88634
11124
14358
98672
13352
22315
72868
92572
67111
86796
80731
97464
96674
93615
83916
28046
75100
75124
64800
72738
79476
65727
88275
25958
95736
19012
24017
73793
31369
30627
54167
16948
19236
47608
24386
61151
26437
22061
89077
1233
94482
62854
19481
41838
7388
42549
28099
71407
23216
43862
94422
98951
60600
92237
34867
67979
17095
11378
71383
63522
75648
65869
68375
16038
84098
75866
86794
95039
72129
18117
36905
49952
51162
46853
40609
13057
84487
70215
67634
41050
78326
2574
59772
84688
74476
40099
1450
77854
26603
4711
49707
58779
55840
79874
9989
30494
81188
75528
70913
5367
81408
44397
34071
53300
63205
15943
8183
65691
2965
75236
60527
49035
76666
98377
96896
80001
79646
8854
80315
62376
28865
47379
75857
98250
9336
59978
14621
69685
21085
15424
92696
82601
15713
70020
21667
46395
19055
72048
34197
64246
34362
20978
7053
27972
72955
31721
59245
30849
7681
24429
31812
81835
31284
3126
6186
22307
38194
82924
82546
63513
37504
79513
3777
33482
38370
74893
92978
54745
34480
53043
79011
92433
79992
52038
12211
67212
15052
33027
32052
82038
84244
52317
28087
83078
79868
36043
65208
66841
59412
90659
21109
98600
88250
62
5250
94022
18970
94233
45130
93749
31701
78176
47470
35577
86674
37626
65897
67959
32741
26874
98365
49407
42451
20949
5356
57103
83971
78656
69373
92757
77780
87263
7849
45510
60408
90280
78708
76570
1930
310
22824
88356
43979
39172
28093
35618
46435
94262
10702
75776
53484
41765
65759
20010
58950
93654
83245
37629
70553
79254
57280
48730
59360
87317
99122
17735
83810
27897
6640
15230
74723
32105
27895
19618
28430
14748
70244
48105
34347
18514
52828
40636
34576
63959
26744
20013
26457
33693
97505
37184
77113
34604
58798
28387
27653
93339
3361
72589
73513
99500
51912
24704
72343
62770
4750
46628
36224
41570
25988
8176
63923
97234
14527
37199
93505
47349
35287
42713
56294
58930
11287
82587
32853
88175
80405
14111
82852
32226
67962
23079
34637
210
24257
36322
22509
50034
5076
20353
19867
44287
63371
35665
60674
58292
11434
32383
23150
71573
34790
46103
8340
92959
89112
69975
3807
15038
93986
62389
82957
50897
84517
11269
5466
33900
40880
65792
23376
57384
74202
63590
87878
71030
26199
46984
95841
74702
10418
7903
43788
98217
60425
69130
93616
13424
82210
2218
50961
37661
53769
63313
94958
67423
11496
72233
60446
89683
68330
55205
42224
57608
27871
2903
59297
47450
2634
44972
44366
61487
52796
21093
94534
23037
92146
74843
56666
97578
25567
1121
40531
99828
1832
52601
58248
13719
16451
68977
35512
37667
25060
33992
61723
17637
87934
81023
66086
98472
97011
50302
65488
22653
7673
9682
54404
47310
91953
30210
84548
18076
33555
99290
28382
71637
91576
73973
46028
75178
98696
4438
37435
92725
88008
77311
57511
69085
89154
26238
38249
9538
31286
4543
77122
435
90592
49874
27382
8479
99456
81557
45666
67398
24793
20190
43287
61987
14081
91427
93599
18190
10287
2555
67925
97792
95471
46763
56280
6038
64853
62670
23075
85654
81151
90397
97058
45043
30594
55852
21076
33642
55631
28245
35021
52199
34279
41594
84159
91715
47523
77067
92884
65262
35153
79829
72897
75203
96684
33612
63407
40357
30404
21684
19700
27162
81731
82747
18101
4818
9876
5348
35139
1897
26034
82619
76844
3199
97189
4015
92886
38879
70431
37661
97661
61154
5651
26137
9209
77295
90010
40889
86700
78637
43824
85187
43020
96380
98158
9006
94402
84019
65003
46418
84401
41809
18709
37702
4813
93837
19771
54997
67728
76077
49987
45056
75673
31608
37323
13621
15487
85724
40996
30334
74527
95811
66680
79283
94488
89337
76881
96146
53663
57838
90470
84266
74395
33689
36879
89953
43884
7523
60365
43289
22348
59514
78523
6814
1485
50077
14952
61018
94485
89186
13078
32659
26608
90132
25214
11208
20880
46744
1992
6145
2463
5449
84173
71631
81883
13328
68357
91917
73608
82805
5249
93117
59534
42492
77653
44177
6661
83317
67148
41989
20989
43355
23962
18218
64928
79629
38342
36997
38726
37943
52317
51669
94209
82518
16464
80413
21668
59500
87618
95545
98550
90314
14676
13001
14384
65999
81109
30372
24914
84328
36560
85578
16129
58124
6888
64854
2490
30333
76674
78419
60601
95144
12844
76549
20817
20397
50781
88762
86908
94574
43245
27888
29208
89807
47456
6697
79501
83148
6137
43446
44291
25969
16096
44056
6533
60247
97499
27455
98533
26520
47501
2806
8828
56919
32338
77889
72353
51950
56589
39712
93414
61095
63880
97657
31338
37314
10850
63295
39184
76685
94833
99765
26389
72732
43990
14604
60989
62732
38960
78303
17574
26245
7721
47202
18719
87538
34411
7997
74622
3115
43304
70858
73732
17308
31195
14183
84875
8343
27887
54434
85278
89322
94971
335
7148
92300
23726
18563
99381
69577
37504
37874
9219
36290
96224
28679
81788
80062
37722
81030
48831
340
52748
95910
29086
61579
26358
69811
52915
94329
84270
4229
58035
65900
27009
40490
817
8121
99013
70875
90731
84052
19447
41993
52581
79477
44103
20889
79731
47190
8123
27711
73777
6920
93200
99577
56150
10841
23493
21273
72858
5738
45778
85092
12047
27735
24341
58756
64351
55074
44693
71919
7661
81777
67151
93020
2064
65369
3393
19856
70444
90554
84998
47670
56454
90990
57473
54314
47257
90086
44771
14219
60046
20727
2276
76566
28407
58109
49856
15644
28791
38002
59355
51316
70053
55953
43307
93339
85302
43465
43831
61760
96655
62994
67335
52434
7214
83872
86064
44509
63428
87365
54530
53883
78768
67424
34621
82088
35270
88411
8108
95235
63332
76155
75546
73079
65055
13353
93720
109
36093
33180
24605
77595
7816
11660
15055
62990
7100
37590
55524
16434
45298
66811
50650
70487
84626
14803
37013
86704
37325
92295
12637
49437
52784
31895
64718
69868
97111
6065
22205
33230
31095
17892
42286
53359
92192
48697
12104
10323
94576
48049
88957
3143
1622
99149
55141
11669
43754
12203
91151
12031
50573
96883
1090
92728
88400
25135
75582
15103
64595
78403
78186
89413
29702
11375
51438
32720
95972
49826
35629
58905
15429
34010
66326
75496
13798
81871
7444
30327
29886
49236
95984
67544
70189
35135
46671
75126
33866
76393
36424
59335
96972
186
30557
40433
34892
74461
4852
49595
48000
88556
2128
12588
72643
20504
16662
40690
38917
72543
64759
59049
36250
58466
41396
19052
81471
77585
22060
37200
41969
44503
40971
95372
16698
81317
48897
58698
39094
76229
49710
17808
97868
99252
18461
59856
34793
12260
11369
29448
78023
2519
32297
22173
7407
71033
98973
27334
25047
66191
7688
69191
72441
94524
77754
72550
3386
42569
99025
54586
23192
79613
17538
11290
91092
7438
62250
30594
72891
39796
40530
81182
30462
41384
65094
89154
91766
99691
13686
57726
45998
61756
14024
13885
6506
14429
69794
31960
26536
34086
12913
50402
15271
71869
58223
55014
34262
75519
94762
46508
71140
75769
59161
45207
44128
92832
42432
14214
6397
78531
37181
99489
93027
13738
28929
50273
20359
92425
27850
83137
85794
72710
38455
42816
55944
9740
93121
18420
36667
21543
443
28690
41680
93709
51379
95334
7779
22253
8387
24503
6114
73105
49566
87941
87375
21678
14184
96786
71682
47818
36759
20454
90454
82169
46405
69968
76501
60707
49646
33621
93545
52616
7385
79243
36381
12783
63480
79150
36993
274
54379
80576
71031
2193
69674
42600
90250
16900
11464
64715
98617
19922
33631
38837
93060
36031
45607
45294
47538
40613
40471
24814
78601
11529
7605
37091
71798
445
67932
81057
178
23376
98255
95547
54453
54356
72845
49194
30499
88262
51615
10520
3227
49075
77775
78316
86733
88446
62011
93973
74514
57191
70127
68897
62940
15174
25697
72381
77952
45275
45975
20428
66718
12554
3977
75254
14594
44018
1884
62082
22467
4699
26117
17
12242
32797
58201
74241
53092
70657
40961
64847
11953
36941
52063
20902
55928
59399
47530
37964
35157
99126
93422
93755
76712
63645
48387
15191
15514
66318
47214
40566
45847
64826
79619
46066
25228
60858
85233
57141
62665
62332
40979
34496
79495
30122
69872
2601
1019
5603
85007
92490
92073
25810
89517
17896
17316
64268
9533
81098
49565
9448
21111
74486
12689
28066
78858
12815
21830
27712
74027
74574
63336
57650
26098
61312
22198
29964
43782
77649
17356
68005
26049
15683
71745
68525
7575
70890
80802
20755
34383
30070
24207
69088
21537
80029
52790
80689
64412
26857
83871
8030
52277
87078
37131
51314
39792
45375
90680
90595
37488
17325
74507
70445
32763
53476
35636
7002
73857
14536
93031
5348
11212
30029
78030
41468
96811
83815
72466
29388
23871
34574
69813
91151
34692
77367
75890
90144
20325
87625
55515
45776
53702
90853
69708
59901
29671
88174
48721
82880
20802
2947
67805
76688
78124
61445
91744
32098
27383
38750
84383
16573
47614
5697
81099
31956
33750
30245
96298
21389
85135
97694
53882
1972
44028
62579
62992
70655
47635
23866
94531
36250
59098
23655
96261
42157
46145
3564
28282
67337
98703
6493
37118
60618
1088
17961
1185
80740
38864
57317
59619
45855
44344
42307
34501
62196
92993
70466
80014
13996
25103
53284
33802
11682
42841
22749
93842
84474
88563
65314
62482
37086
90651
27366
7384
1726
97185
87849
47781
95558
27194
18957
35505
19719
16437
73399
79588
4533
56143
79620
41766
49086
23738
40071
22111
45702
83032
46511
37941
48058
81321
74507
99238
1119
4158
29171
84424
62909
37468
15824
28582
23832
81129
74006
30411
77183
88539
48670
83874
67962
82748
96676
27900
66762
76633
26836
25016
56123
40851
97817
72815
45044
82367
22910
45155
51731
58128
72189
52550
49146
86662
14724
24525
94098
27702
43977
82276
17967
56943
92779
87143
56429
49389
76328
37595
41010
12154
60188
23715
21600
65203
68487
89472
34980
10173
11149
22620
24769
36286
94911
59406
15243
35601
20985
34548
45669
6431
57394
21339
26158
58736
97616
94575
82900
12043
42998
26925
93813
93190
93597
32874
22492
87127
79685
54885
57151
16857
10962
60594
96036
85000
35325
90333
51484
49538
47779
88715
57871
12818
47341
54542
77476
87514
28448
70988
30733
82110
46566
46602
88487
64399
36842
4475
38581
60202
32409
65569
61949
36623
55988
89431
74765
6281
31189
94790
65161
87037
61793
22105
58093
79964
61704
97977
63555
4300
53608
33331
54070
88267
38225
41296
85326
78613
17241
97376
45868
31343
48743
74110
14610
91060
67802
14143
141
28592
1010
52373
25596
95983
59915
39812
41216
74404
48178
36150
40495
49185
46028
1347
41051
96436
56189
72464
33888
21188
90245
93544
59683
98927
15120
48442
46740
15262
33490
29143
28985
40958
47909
79187
26517
15173
15987
12652
24501
90623
99356
21283
82570
91427
52175
1408
65668
302
47133
14341
57928
25551
3475
57752
17720
99742
54130
20161
15107
77649
31139
88221
54433
49361
94741
22348
5874
93070
49368
44683
87882
82666
35129
83953
71738
90331
23457
89828
60823
38024
42955
71370
98532
66335
74382
34182
43436
25755
21612
82748
3633
56526
25899
12950
62713
58961
48825
15744
56173
96203
78546
54238
35013
83210
20703
95526
58522
8921
70400
57445
56453
57377
95589
71296
99108
87653
47027
46074
18910
55250
6009
80018
81024
64756
93616
61166
60289
35928
45001
72077
30243
9119
19757
14227
69392
38145
56142
91621
71501
57642
76314
78569
49699
79442
33305
77522
18007
35333
91614
17452
8500
63668
54683
30844
32666
68241
80697
53577
34749
36046
84306
98793
11651
32929
80799
86996
13410
6158
50023
2244
10905
30515
59038
13622
95007
95239
14812
75137
94074
88507
3563
32446
28522
6878
14000
24943
66849
53310
18804
34262
38944
59218
63130
12545
87361
45781
70167
55685
69805
78056
74385
76084
5977
99070
57113
24765
6927
30163
52145
1648
91894
76324
54988
35609
70949
89169
99476
30618
85625
26799
98809
38260
13666
96200
16104
78768
21579
71552
35022
40337
30801
26107
87092
34060
46996
30364
75228
74923
25083
87472
66564
8301
91700
80845
94954
15956
38955
13542
78473
20791
11797
44228
39533
84452
42597
39767
25203
97612
89024
38717
67529
21291
31253
86249
41952
19181
99687
70099
94508
18569
61847
83580
28401
59881
81991
91930
1312
46396
52489
61423
93818
16241
87798
16683
92506
41917
5300
59539
12220
35777
68662
53389
63559
57896
34568
11078
30496
38300
1564
64272
42094
464
87022
94278
62487
51990
13649
37146
7767
55450
64642
90472
18774
33622
71273
76643
34372
36716
77834
33570
39773
75337
47813
18434
28071
12016
2440
21335
81052
37100
81877
85235
39265
94460
26941
98952
68015
89807
72097
31094
47695
17186
12536
41525
6958
76655
5785
99660
12418
69962
44006
58355
11064
68954
58702
96370
41755
42708
7038
66890
79009
64254
73647
63904
20727
41840
35159
91865
1402
74417
72101
42063
19122
91050
27755
78342
94337
95354
66224
52987
14220
50846
32371
41375
97785
82055
74599
18382
51958
7573
77839
66835
22806
99778
34873
97932
27371
56172
97681
13768
80104
64247
4958
33294
23335
82474
22569
37696
9412
95775
25805
28024
13178
63720
71464
44408
2134
15508
73996
49007
46756
14497
4278
12897
82702
33899
33114
42903
48767
10577
10013
28768
52429
32954
10864
48417
19505
37146
23099
97657
2973
7142
85261
43414
50973
47121
12987
8027
66429
24949
92528
3382
66587
59549
47715
40519
89267
6936
88871
29647
76765
56860
75974
59029
3268
57193
381
24538
38751
30603
49343
20302
45808
14482
46688
34767
40119
33854
38682
49328
9613
40874
19519
96682
84910
23487
52940
76632
20445
63949
40770
16272
90872
19846
66560
45629
98247
75847
76817
12196
28567
68391
81773
73639
99913
73861
40528
38089
1482
76659
5824
71885
45095
34051
28692
77507
89900
55790
36947
6092
3499
69937
3890
37822
60691
44753
99826
67230
81538
30554
88525
66151
38701
54895
79603
65728
65632
30710
13547
95722
46075
14625
87160
5846
87659
70580
95840
36439
83758
85969
66405
80278
50270
95299
59429
28985
18850
18070
35849
92594
39281
48469
57311
88254
74612
9744
2870
64222
57838
39380
90088
48602
53824
83623
43749
22564
33520
63312
60083
30459
25940
4846
39629
74841
52721
529
4443
58598
404
57378
31145
44638
52756
93422
84266
3185
94052
25017
22195
26431
52915
84558
85983
895
61066
27556
10610
39938
47083
80421
18449
62034
40772
50855
1551
87864
25565
48319
64952
88340
13978
62985
40530
31469
84598
68621
88685
75170
74954
13367
3026
56117
97287
63312
28571
8514
6700
54987
66619
71270
81117
76059
5688
17624
53004
37083
44771
66234
8310
16943
80731
62647
90268
78746
57411
85752
17426
34853
48321
58016
99240
93605
48115
5793
77077
25456
79222
18299
45678
45799
45778
2468
2049
10203
40830
3436
75
14156
97172
25172
72599
3255
71691
11878
92677
96762
59847
21497
61560
54919
29988
45633
53401
45907
77639
37153
56811
28864
54334
60710
39116
72048
19517
8067
96094
66489
79429
27531
10867
26108
91948
61499
76375
94958
76182
5329
58592
16556
67787
86449
39504
93648
13699
85990
9495
42919
83374
21017
82959
44097
34831
9900
62279
69115
88484
23867
15146
40235
48746
78635
47584
12666
70634
58736
54419
62584
25951
26005
71702
76888
26608
84280
3955
71115
4457
17398
86693
68084
22476
18442
36563
94321
76930
33263
65439
74698
59266
66349
91035
49448
72256
28604
22229
81598
82553
62641
33848
35504
79458
34690
39623
55179
78771
76846
85920
36365
8919
81183
42632
82251
89663
16620
33175
65267
36943
74703
33334
39526
56603
36458
5450
32925
62701
52284
35343
53279
30439
87521
10995
94679
87201
80437
63623
62885
68567
83122
10089
43674
75826
50944
25171
22590
56592
58429
27515
95793
25264
47621
92104
25798
14518
27506
79902
67798
84044
5667
51784
88065
71523
81638
15530
65644
68435
23837
18627
92641
44662
79992
18638
52838
45368
31808
47752
31650
58595
69597
52628
18654
75268
69042
77094
91853
35414
31010
92592
93604
18793
8560
80310
5551
22149
77660
37490
56790
3840
3075
78052
50537
95837
10706
2562
23867
96499
28577
32691
83077
25409
67541
79544
40332
71444
94501
45564
45772
37018
53164
38402
11566
156
88448
10145
66618
2765
71854
57368
32957
35730
81018
15534
80193
2881
7537
82948
18705
53931
33945
3467
71451
95150
60564
78443
31565
24052
98544
61864
13430
17058
58355
52648
78405
30297
98352
58524
41568
78370
65438
17404
99901
3981
44088
99374
20140
51230
3829
53232
72260
1409
15637
8538
55053
90783
34685
76717
62125
66593
59069
45195
33387
17707
50174
406
5386
53490
73796
98936
74953
87446
29222
98973
83391
99238
48606
74215
56516
58737
61899
4482
3213
75877
69295
57754
79134
99424
68723
76457
47442
79763
42068
81489
20696
73882
15291
27361
65132
90779
35462
94275
83766
79586
8363
82860
84135
95285
17305
14150
70846
62413
71544
7445
82177
34136
81511
66912
37488
96967
78977
82065
31087
33568
83433
91066
93245
58348
38997
58364
67641
84872
55672
27762
53567
11723
86802
37418
90386
39907
51567
61732
61851
79324
28111
45042
57651
47914
92171
32643
37525
485
17165
35620
23070
74247
84990
49141
75526
80111
64499
19090
60286
48946
44130
49859
40680
1326
10712
89620
21620
37798
61376
57418
77642
19019
77961
92914
62298
16804
38542
13181
57999
80784
67399
55895
92871
18287
60346
29846
31557
17046
8865
64223
29622
72143
37785
37744
12065
15143
80146
37969
48715
37112
38036
10691
73566
38516
44384
72020
92757
42872
96266
39645
90843
36923
28349
75768
56529
13069
95178
37782
77404
69890
7417
95575
77604
40945
4150
91721
77541
10300
68640
49658
65832
62621
16283
38669
71556
84148
66133
50833
85867
81856
99880
46808
79554
90250
457
14007
14618
92102
60917
17687
98427
74610
36734
90347
66685
70443
91262
85005
23380
56492
30321
44163
11613
69855
73095
30385
75678
71611
13714
29528
60026
73149
97820
10324
54480
40281
75503
20024
15787
17009
14451
67143
75648
78725
76868
13891
85095
5145
60147
14002
45462
86483
89784
12578
49784
48345
17373
32468
21787
55423
11249
57840
32833
95272
14005
36206
33396
14209
61999
24791
91754
61709
28277
78421
93586
35792
45876
36335
67972
44950
39506
74240
77094
68289
44085
55902
22885
21960
13545
31966
15414
64832
29508
70751
64680
65841
25306
92103
98069
31967
96399
54316
38486
57399
34250
22725
50901
27449
62329
97447
18848
28917
88366
85685
39183
80022
27045
49205
99920
45573
10665
92006
20876
85145
38133
53287
20394
85573
20041
7291
69879
60747
36473
5322
58769
80416
61969
62757
32700
43774
94120
98430
4157
1346
72552
73773
80193
49254
46008
60916
31369
16352
49969
11039
61455
12184
15669
12026
70301
96891
20858
79337
17884
4453
9226
38339
11024
17355
78363
25242
49107
39146
40231
38749
19190
73916
16452
56918
48099
16269
62496
95169
18363
76123
61470
45133
76308
80369
35873
2406
96593
57042
81258
9161
12809
29686
60051
56216
75718
9552
84607
6924
47893
38228
98340
22815
7558
89874
91755
4064
79636
83578
78830
89558
26566
7674
17253
97544
76195
77583
56149
71121
9416
23676
10103
67268
10262
58004
61390
99126
39755
42538
73892
22447
85212
54583
73463
73584
71890
14262
44491
88856
31160
30944
14784
89268
21142
53431
61421
3844
89573
32805
23022
66097
12717
9589
37781
21766
43634
82911
3121
38856
35852
21338
96649
68997
98515
24801
13148
91890
38695
97727
88269
61503
95626
36604
10029
95872
48689
56675
71588
31003
90635
49429
54881
65231
45546
38244
55164
88458
79286
74243
38865
30127
95548
71176
305
80643
31090
2959
67442
93843
48833
7536
52584
91000
95309
28489
64753
17665
56929
57317
93595
25642
33980
79926
1797
99166
94119
49201
13103
34096
30060
14378
60591
31019
19938
69953
71115
66089
23120
83595
73560
43192
10935
62402
12934
90995
16143
72915
31704
56739
73735
2987
67562
55928
30866
71000
41317
76445
10158
40557
22265
4816
25980
77900
6690
43883
24846
79692
22447
88955
29793
87100
2473
37524
60080
42706
54214
11882
42668
48843
91960
99469
10090
48733
93697
76594
17513
90914
52101
34011
42399
5622
87506
79104
60965
75921
62209
65985
25544
85477
68830
89605
30652
35231
4252
95977
37353
5772
26041
22482
93106
98393
37528
62417
74096
43093
24368
73623
75941
66603
2119
40755
31005
45240
78494
85151
4721
60693
76317
47369
67964
79434
49231
45324
11598
43835
8626
13317
29325
30400
25418
36726
85398
17607
79682
48987
32680
33923
58869
52249
96042
77709
1379
33304
5445
8024
96013
39250
57122
66828
22479
25618
40882
83830
47449
71542
20467
65814
44417
8693
50549
97434
35503
89291
7755
81449
65363
70552
10379
8906
50870
62501
67674
42093
51164
46728
15326
95207
47816
69951
61287
67756
97313
7724
88279
57052
99301
71906
99679
18444
64941
16955
81182
83881
39960
63138
27896
13554
39850
87029
67228
67600
48938
34624
98187
75978
4933
5855
73500
26578
37144
42619
7543
54039
77510
90824
15202
81869
91260
45183
64290
28303
88058
2676
70979
58463
8411
79721
60178
43863
90856
36714
49868
86079
40259
19864
14134
28966
45886
52273
99182
67682
47572
20955
94061
11252
86296
96603
5621
68830
58919
34323
53161
38413
21981
66274
35379
39804
85705
50279
61211
63870
82944
64772
42724
5527
26107
10161
61648
79258
44550
67365
4750
86737
18226
37768
25939
93573
38942
89035
64006
2670
31951
8406
85615
22694
67731
34615
39188
92741
66428
1178
93394
69230
92415
55184
18117
54127
87695
87977
21674
86724
55760
63257
34347
11264
10154
65424
8144
14057
57863
6837
15788
17677
80678
6186
66270
16890
38349
71052
14866
13892
18591
64091
67799
66517
37824
47281
46361
38137
63063
72633
38625
51199
47648
15429
75020
19045
60171
5017
58902
48573
23284
99251
58709
29751
44661
63794
82440
62982
90455
44998
41747
97672
457
70918
21941
11663
89300
26770
61932
32262
33871
10744
13381
9045
41757
79501
15648
91840
82559
57157
53357
2731
34232
44368
83241
55859
19708
38263
23417
95901
7579
19386
40837
86313
40726
15753
92279
96404
20385
38751
56930
61393
57005
99207
74402
36438
1474
76943
61488
85773
98686
24878
11861
29680
87955
3178
27356
29535
54920
49946
65893
65050
85059
85551
22343
92110
66819
45562
1027
62077
84862
55272
57090
41264
50309
65683
66707
15896
39359
12792
12526
3227
14122
71577
3982
49205
91201
14075
81927
44326
77231
77858
74205
7710
35565
58476
58986
73739
3147
3513
99590
25017
7103
3366
83981
28432
87378
64952
37739
88232
6258
44315
75802
19726
2241
23538
63505
19240
32952
3609
94826
13954
54509
944
35192
61944
95763
49120
64620
19012
4084
10632
93480
42493
51996
74793
82649
67579
42756
23492
86831
15229
93964
54337
44334
2173
23790
87273
36110
44704
93532
14861
75148
91942
76246
3841
35084
56411
68096
1882
53525
86655
30740
79694
79824
78533
1136
24950
1516
34262
30122
69666
41036
60300
30982
73142
28784
72017
31589
9550
48429
66646
97769
54525
53638
79369
28780
13763
40235
33309
5036
10883
43231
6028
11209
26792
20327
98675
99060
26494
79298
3520
12545
69110
10934
28443
98602
35127
90035
17546
82411
93819
14976
71005
78293
85808
65401
21251
77173
20327
90913
26281
4465
42098
88905
33658
17872
70430
86843
99648
86192
11722
60913
90235
54927
41197
75970
99125
40627
87830
66643
47121
74194
48087
17328
33409
21178
69480
6844
32443
86896
88602
25164
74346
55033
42982
35928
99452
61120
45479
186
11923
7072
95418
66832
51149
55686
72722
12111
81312
31485
47994
70915
73603
57607
52344
58405
3192
76311
81846
72821
44574
25874
48780
20850
13449
50953
6271
21604
53046
70761
86600
53528
94965
79790
59660
57100
2712
42540
89351
89448
88654
25960
76555
66165
19995
94612
1768
84005
84067
33511
92715
1455
5722
11572
98999
60877
41618
70179
38357
14212
26098
75722
92299
57640
51259
83952
14303
48125
34863
83857
58320
78044
65935
27825
21566
89878
76821
66412
45720
33908
99074
41818
2742
44153
60853
78965
4852
30267
31853
9949
23744
70295
47094
40298
30328
38090
1017
94181
15152
39232
96062
78824
16044
67491
74478
60249
82962
87809
36275
79347
4705
67556
83277
6706
58975
6723
83912
69026
26728
50800
22247
4578
42969
5491
76028
51546
28709
82363
97430
4190
86702
63591
84822
11682
95407
68240
37595
66115
94874
46220
34415
69793
44713
54031
78426
15199
99617
34418
68453
28961
54770
42339
58676
91913
73954
28857
10939
79059
31799
23764
86810
23581
49495
28845
55184
20335
44609
83335
28091
79723
97189
76881
68766
3567
62069
4098
28808
90405
21768
64925
90776
68416
44345
72475
58456
58408
9743
8858
36989
23611
2803
93303
40987
88148
66309
99911
15594
18610
31477
96874
57433
54196
75263
65905
20701
84962
29890
55122
13798
12114
94639
66184
20933
54769
66285
34593
63620
78864
98024
99413
11540
68096
36197
46560
69666
55788
35882
72345
32199
2901
50883
40151
92264
7417
88037
84676
68022
29627
66056
24982
60968
24328
47412
56522
84118
80168
28169
68644
66953
70487
78374
70007
62333
81731
62620
15763
62014
79102
86787
59528
39204
17139
98991
15745
6008
92579
56431
35190
45182
82274
39885
53792
74795
29454
61605
93803
11078
17493
67570
13627
57388
12068
69701
76941
47896
99467
53071
62174
58983
2732
90058
853
96841
33498
29137
51144
81024
44823
7723
86079
40941
43309
73878
61545
35865
66907
84832
7133
79423
50242
32831
65717
11256
15933
5230
33408
31342
6751
78788
30531
11901
41261
18464
84579
24194
399
74941
89499
86666
5361
37543
91833
56426
44030
42477
66304
6522
22284
83769
30451
44175
88593
93982
17576
99566
84234
85555
97486
14166
22297
60412
15485
84359
84044
86616
31280
87517
17303
59245
11908
77515
35330
32137
11911
93897
32428
90689
7604
34687
24137
79758
27093
21123
63192
77173
7476
6221
57078
75615
31161
20685
25120
93880
20823
43517
87928
58156
42822
6470
65297
75837
77360
38700
54879
50906
61351
48295
28001
71963
77947
65366
12915
23431
29064
42555
55565
24269
4435
46066
98854
13866
51785
22008
8386
46928
15560
59640
69891
43688
20340
46242
61260
76278
91223
73570
28156
65133
1412
54080
95632
78874
99655
249
36200
21565
34360
47213
72471
7274
95213
61791
39800
98888
37377
15561
85365
55663
19944
35965
42219
76896
65451
66099
9774
33446
63468
78239
50988
77108
68189
98830
79809
32620
69858
50109
95893
48330
9703
15194
17903
25511
69275
79439
61082
32849
42000
27233
31460
932
12084
36464
70651
56056
85508
20267
83338
56979
87062
89208
95312
22521
7650
42038
5532
24263
44059
68043
5397
56172
12352
44475
44233
96318
97819
37107
90595
96151
50141
75192
26916
54128
11729
40456
46213
83313
32875
98660
95330
95425
70903
25147
24784
96472
77786
86023
82207
6163
12752
29594
59629
17220
51434
10092
52658
93949
19743
53086
96710
13626
20065
60926
14107
24163
89985
75624
51564
94407
63548
90645
9362
55542
29591
62650
49972
82783
4772
86879
7654
58159
67721
55800
58253
71912
92293
86291
15505
90428
51657
28911
36797
30209
17989
16798
62341
27935
64123
46793
43351
42975
78716
96134
90303
61209
99582
28837
64217
45521
93229
77349
48039
11927
39293
82169
28957
37564
55130
59690
77165
40579
69244
69555
20162
89135
29025
94405
21752
12777
46086
52179
49835
45642
28034
64222
18693
30679
83105
94811
19856
91423
9346
82175
38407
47977
2112
1850
59700
45754
88129
16870
74180
1337
65323
98388
77954
84353
65240
35431
10760
19819
64243
5959
14186
10067
3017
56204
37417
66092
58885
78216
54959
85198
16923
8374
28270
45007
86033
44389
84865
74430
77862
66184
65336
57069
33553
11713
38748
19005
4264
96784
55496
84637
10170
89382
42981
11192
29831
71744
60892
77705
75871
64132
52790
5931
87505
79797
56858
43181
88806
96162
46107
79261
39478
38839
31101
4507
94436
43582
59303
31644
81722
84805
62860
70875
31900
35272
379
25897
21538
37891
12845
19778
52521
59382
9026
36009
42314
88184
35076
86892
52895
95735
21664
50367
32302
5331
27687
28065
17883
50408
73464
90236
69968
78978
29389
43167
22577
6615
46621
37909
17947
16613
62234
13759
85564
82426
71719
97131
94043
34387
12759
26596
26700
59783
71386
77514
23660
51471
64276
20028
5579
27298
85096
43901
12851
68947
81737
42729
59499
66077
39449
23665
18672
42144
60732
19277
67255
38071
23340
5312
35846
22443
67633
49911
94913
95870
95911
20513
7300
18210
89668
33230
24835
80733
1819
65264
79266
80008
99059
34651
54630
70956
78115
75160
90257
80633
67860
85197
2452
47224
1858
66505
16537
43829
89319
94599
21223
24101
38874
4664
99558
24938
13940
67402
19320
24135
64558
33534
51608
80483
60683
51622
90636
38060
92696
60720
5845
32251
82465
23848
5660
74138
14464
61984
70822
93680
74811
45348
661
18659
96817
72610
89430
46803
59826
8708
1079
31062
95970
50894
53706
54140
39818
15959
4214
23137
17478
81207
82847
81333
63399
23565
35538
99009
48621
99337
43675
89607
26636
83301
52575
84555
72340
55569
4622
62879
4138
93301
4618
65511
29602
61748
72345
59730
14928
7949
32950
4860
19378
53199
10703
64375
77801
10391
86273
24812
18069
4150
34590
25035
98064
47615
94150
3442
76436
50874
32713
97548
17862
7393
24185
1237
19879
12178
58904
87268
75486
44186
77566
31656
35599
20291
43756
34116
68344
24261
98768
50175
73364
11551
24665
7899
98084
67756
93942
86684
88550
67719
75005
93586
76041
79646
80781
64377
27203
2855
44602
85402
86829
40456
24082
11542
88127
78585
58256
6961
30547
49819
67460
93919
47659
34752
37548
60917
49034
3738
80804
12255
79221
65984
19659
35120
76909
78916
94570
39371
33454
62474
4186
42020
92754
15211
75421
75477
51992
48689
27142
28410
90171
83141
75822
91944
36822
68210
97470
15221
31039
10230
35895
86840
87326
29058
29243
28413
10456
98942
68299
52984
40700
74865
92006
37580
19257
15438
83822
13805
64700
97131
95658
60482
82441
63111
88423
89010
64000
34604
84593
48949
16051
41490
13060
49813
17420
44531
91852
7861
46429
39277
91717
59618
61562
3065
14382
10606
75333
18309
48996
64057
60521
68004
94254
52902
76103
71119
56882
1099
96067
48364
49472
79895
43677
88417
18246
18482
80537
81546
85909
66336
84331
8779
89937
82679
99293
72427
76486
26946
55984
88133
90134
87920
2223
39849
21036
15525
403
7041
28250
14416
73722
29972
55830
51419
95242
60277
14698
39022
65570
29732
59757
47142
31222
269
8937
15913
47855
2820
4879
23349
40208
95639
54872
37074
91719
57298
88489
59958
69307
12071
42621
98131
19534
32983
41072
54299
52712
52360
26571
60336
36304
64509
80634
8395
79018
2291
35620
67299
44378
24439
95061
14566
65780
85007
54519
87297
12132
64548
65415
10967
2472
40435
89944
84440
73851
83784
86763
55558
76100
99637
62872
82395
1561
34243
18582
73516
8935
24786
48965
29085
87901
10667
48084
4426
57227
39057
33116
15684
28770
18481
76711
87531
93275
57308
61768
46932
11927
68973
43044
14289
30141
84881
67213
71807
31468
81362
48357
46953
70668
78536
29366
91208
32626
38647
7333
89538
11170
41197
58989
94394
19122
84052
35866
29048
8445
7387
69334
21608
73172
76182
91452
34461
53184
36433
34040
27501
89105
39777
78984
73996
11183
66527
77642
38487
69695
87748
8108
81493
87097
34205
63052
5248
63780
19094
97573
30264
45977
49726
51237
39681
13748
99041
73284
22085
7029
58915
74767
33177
58433
59341
84546
12549
17163
26047
95468
26999
34087
76229
19435
20678
30692
83851
66891
44533
42903
28808
29513
14448
19562
83012
18228
42436
22343
9600
33380
50153
32606
75297
76896
31460
99328
76290
35657
8137
13809
33047
74918
46252
61692
68382
63202
31650
18536
1162
51119
57965
77672
26857
76738
92325
75738
20408
80418
8608
36301
92811
94788
51983
96335
28784
23640
74755
67836
99840
63926
1985
80418
83726
58172
53228
56627
91406
4088
4707
75682
71876
43175
15753
55951
56160
90547
98106
31354
7050
1186
62452
58653
27460
67336
26001
5211
60075
62782
57993
31111
4414
39946
18604
99898
60435
39426
42568
89897
68142
50085
18032
62614
84074
35407
95673
12001
29021
69148
1832
86847
85658
72446
13888
14445
16984
56920
76701
27051
21181
19855
84684
97641
86841
73298
23640
72112
77795
50612
32900
3224
41852
27690
71276
87643
83958
60402
70983
32577
27294
16196
19313
81200
2267
2007
53250
3596
42024
2811
11993
63877
85048
75715
8796
15334
30913
71839
13545
56744
76202
24958
73418
54581
98365
5578
1540
71776
20792
12171
2069
73298
81109
12558
80969
59562
22028
16860
59035
67275
64751
56414
83209
51780
96359
17714
24344
10184
75158
37213
19578
22262
66569
85686
32470
4297
22650
89640
36784
96829
29030
96038
39950
19515
46516
77982
27940
13776
29284
50261
47683
29190
10075
90342
92124
37023
35777
51042
18135
66670
26341
31488
53822
77052
9993
54391
66775
60363
6263
15835
37113
38821
24780
45723
94786
98477
53846
12200
39442
98574
78222
32537
90508
89227
68022
80108
73061
23483
29700
36308
42624
57565
57517
49374
95262
57913
7077
87042
73323
87225
8336
87259
40032
17783
46838
92355
42273
30798
23681
98977
47101
9846
62146
98051
68613
9189
15244
9883
91355
4761
7700
17566
18585
56847
62724
29893
35971
80180
16481
15385
82253
18466
22297
12734
95436
60500
82630
78132
39253
79488
67412
91527
29663
19003
64146
71057
22867
33348
863
20270
19434
93651
16943
35511
28762
96645
12013
36616
75341
17837
29355
53870
44381
28632
34204
67336
37703
3589
5741
95980
93913
23314
78591
9197
36361
29645
53331
26023
2365
63178
75376
80720
66771
64911
43310
92892
38350
50764
83784
30235
96931
28151
33747
94712
6236
24924
77721
5462
27537
30209
25936
46437
97650
75076
60752
87856
53583
1975
59507
18710
45541
41756
54996
34786
46738
63160
30897
54274
51562
29764
35533
67244
31874
83617
79493
68501
7723
12555
8126
6623
58431
97126
56468
86985
31546
91141
21369
95344
84158
418
79111
47452
57279
13456
84515
67937
75912
2202
48007
6029
65731
56436
6957
87588
754
97056
35217
93926
23894
70417
92903
67737
57837
4418
16487
56303
48215
84595
72278
96751
20148
52399
81252
68468
16620
34321
75201
16108
17044
26108
52539
29273
29497
64811
90364
51894
11051
2404
94747
84698
78098
22123
88265
40631
44578
15567
88415
23964
2514
96595
67447
34585
28689
381
28034
88918
74113
1246
53089
95161
84340
75353
50391
89299
39626
13797
87422
11224
61173
72984
63300
28986
52702
23559
86315
32744
14754
56279
94324
85109
3698
52079
25124
32701
99578
78323
80501
81925
88953
89467
82460
32358
82062
82872
54928
68761
99489
20706
44091
12422
64383
94160
82931
28097
13717
18010
82484
62487
58305
1761
61421
76703
17264
42071
24006
55700
98950
88918
60922
21512
66508
6381
34693
98497
12784
18862
2609
77466
89361
71063
99029
88715
35079
43170
89934
11745
67870
95228
28740
68728
91317
10060
45701
19662
54852
26018
53110
88934
87993
71280
40500
98043
92200
62940
35014
35116
63683
32970
92655
73776
93837
14508
94007
24432
75139
25077
39138
12253
80236
83373
64405
62957
88621
98923
629
68279
42972
37501
70149
80865
46954
21051
27076
50592
1257
68651
88596
75510
70844
57237
55175
28867
72174
54071
91541
73250
9967
58317
66731
77291
40445
81414
46972
69318
10823
66064
44391
47759
5148
15631
45541
71853
46442
53133
19655
49756
73156
69502
55118
37926
57225
57484
38820
1949
90772
75267
55332
98761
76129
73890
37316
93596
66326
81501
10871
43084
8027
73761
38139
35712
40313
13704
28663
31480
41921
9759
21656
53653
96321
56175
63940
52303
60780
12034
27770
31595
2594
28080
51418
64447
69391
94844
75435
89740
60044
26371
50384
61076
78411
41222
79232
63039
34201
51802
17205
8447
70909
20768
33979
86606
72617
27985
81647
26896
85729
69610
31714
43736
12757
85438
17867
24720
9806
72871
66723
80506
49692
79713
30485
27201
75346
25078
61777
65590
59455
5065
51403
14678
2800
95636
59692
42780
18656
59537
49663
14282
93751
8207
26065
9646
85334
83144
4006
65312
88486
38413
21640
3544
55313
70836
51767
20808
93351
61627
55803
62210
99881
70921
34582
9330
52451
58028
51352
65920
83348
68564
84332
31076
85650
17025
76692
26717
2918
4362
73796
66227
94384
48426
77015
12331
2395
94043
58732
42995
74774
78845
31465
75689
67603
63124
78542
16265
44184
24112
2769
74140
33161
75713
76845
98735
98189
87692
43633
42409
12450
74442
24376
97432
27377
2196
19385
24904
16066
27305
52177
34024
35205
28584
52405
61035
58911
29440
53179
82112
92170
27438
21175
39835
97737
89685
30034
76933
73414
39344
25028
74470
6131
65082
41798
88258
80509
38517
82968
59523
81542
3636
71956
129
17368
33631
29896
91534
61133
18637
89639
98548
78877
96276
93659
67968
15392
6741
26731
86938
61043
57393
85574
89797
68404
26238
41463
35928
56053
47621
29061
82638
58825
73831
468
42350
67754
915
90191
72588
51146
77246
47756
2052
79491
60106
73097
49133
50080
55982
32375
42814
62453
3128
21654
18569
90681
83257
87711
29576
88997
78892
3903
14219
44179
79026
25430
79226
71758
37637
39050
89242
89168
25667
90345
77487
50965
26796
92804
57921
48782
25904
87337
9562
75290
9974
10408
97413
3418
12519
84862
20706
77971
75657
43645
81196
75373
57273
63247
33007
75237
60871
13032
4872
26638
16376
67704
55024
62529
98480
52514
71925
40993
85435
57231
15158
18266
46528
92231
43369
78149
77142
11358
33829
31139
97829
2453
12796
13619
5035
8076
93184
66890
75094
28965
77660
35647
86403
17611
69727
81651
11203
17379
22034
34576
99569
92890
75039
70112
27844
53489
33231
32769
74470
77961
73551
4992
81344
71897
70109
34288
99672
29097
88585
76180
43908
82388
33982
74207
42863
33937
63394
21488
14066
54463
90343
84859
81965
46423
4237
60559
51600
62913
30628
36654
37830
85496
11651
68267
79273
7658
52006
8063
93136
51142
82871
7433
82604
79240
11241
23949
58577
53040
61071
44297
23547
70427
65351
12583
66874
6922
19274
89147
97759
88198
23269
81904
63751
93503
92363
86366
88056
40537
19450
74748
50259
74187
53963
25137
83481
13318
21427
83547
41810
42603
8404
18613
22192
11246
50973
20318
12820
27124
31076
82172
35779
60255
85749
23283
85865
77844
95230
96315
66424
30932
58079
70579
3998
51839
94193
37845
26275
90710
49565
48236
94431
12299
83593
87428
84827
44902
80624
68733
50172
94046
1326
25611
9726
97573
38568
81952
44216
61811
18331
25104
18469
87880
45984
87102
71711
82191
73468
35300
98479
62452
17316
74409
12988
11188
98771
12096
22370
4528
76692
20257
24949
67162
770
30029
53557
51829
57826
27154
67964
61093
32226
69716
93846
51109
47809
56591
2849
99814
88647
10924
45769
49882
54629
13193
16758
65528
46078
99808
55514
35370
73352
69085
60036
89949
57676
88772
84252
31963
98258
27618
70275
30162
49057
85931
50929
15232
8602
1678
60759
44493
11322
34161
77179
45796
56254
93323
8444
37507
33766
91120
56870
33241
28877
33679
33669
70910
59128
85620
9888
66624
63732
73918
1852
67773
99871
80757
95153
16524
24694
96269
67609
26205
26396
7522
47042
63180
7588
99160
45665
96546
28515
93393
10039
89564
69427
59979
1849
24540
54961
14706
55185
80484
43710
54194
86388
13451
43284
65926
50986
79192
9255
2687
72305
90272
78068
23500
21908
97728
16239
65551
96659
68113
95598
37196
32248
35487
96112
95762
59692
92730
74013
61893
74384
11617
86734
36159
96042
11953
72899
48106
11249
49921
21309
90730
4991
85589
23675
3862
7475
85824
87255
46127
21303
50662
11235
82065
46003
6606
5760
54837
82059
84084
53745
46055
37889
16646
77135
55912
82494
65912
38094
5831
48180
53695
14530
92410
41106
79160
23635
31258
49240
28443
44098
17415
88246
36084
74877
23523
40901
34877
71205
5213
66617
49822
89661
87738
78294
94041
52605
60691
97517
54989
50011
31074
27725
30686
22999
72812
72520
71190
77149
42888
76462
89125
69542
20468
35462
17355
69525
30815
44160
5185
71463
39155
18809
2663
32224
20759
88094
10238
26246
74800
84544
42791
36009
35494
46294
50503
44150
31466
64571
76255
94361
67776
55923
81069
89125
30562
54697
32565
5026
21056
50998
6504
40857
75323
45670
20018
70192
71363
10285
25858
27281
10944
2902
74683
22385
4032
27599
40355
22070
12890
18393
50276
29593
98278
43858
54859
35373
31738
94974
16052
37357
73382
40383
95607
10933
71901
30015
99313
2931
45086
37840
58557
98473
27847
11977
44411
85879
35295
36256
51050
60916
45747
61259
21724
49916
33782
49519
5706
83072
23009
69352
61023
63236
62986
90582
46057
46221
83570
95624
34721
19321
65148
50393
14921
1531
58790
91620
90525
70014
26369
9087
20528
33092
60197
75673
6358
68798
89070
14556
46430
21199
85143
77971
29220
25999
57528
16644
57444
39447
36557
28671
7693
65062
46160
17521
1585
30589
48406
2985
2704
2113
54405
36914
92499
16089
73565
21778
32948
58388
89737
30785
27410
95106
34869
74531
83574
92059
78807
36691
11819
24390
57926
21029
90719
59083
88626
95485
60234
48605
81834
37876
8457
58842
17395
21762
82300
99734
55854
97389
37139
72005
90957
12544
3928
69944
95252
653
68727
45527
22302
25405
62626
88121
54872
35581
4838
40736
23769
18663
2465
46058
31914
51787
55986
44137
88902
41899
97829
28071
85277
47067
10694
14539
74106
31156
7490
61910
11612
44290
74931
45073
83518
15445
54177
27292
69304
17219
29862
67949
52601
51537
12009
82435
87024
92171
834
92432
83218
452
89575
91078
68754
18669
8681
67210
80537
38838
60183
17354
68229
54002
33907
71807
73897
64510
93104
19848
11884
69953
10797
26203
81042
10044
66069
24848
68079
93981
96705
56493
36631
87208
33284
76488
48247
52173
41241
30145
40447
54202
77219
75617
60827
99562
32761
90522
9259
58529
65795
54630
88051
60968
88472
37756
76453
45389
8949
4609
82254
87427
31439
8147
11585
37794
33103
36733
46857
83081
95391
29140
10223
1308
35506
2685
90793
47764
14335
30434
53656
92395
62315
7413
79505
96351
95725
28765
48060
54666
28661
32571
90845
83176
95108
32901
50586
38773
43883
27017
9983
56113
32870
4041
49453
13445
41825
85865
90305
97861
52590
78159
27305
60206
98436
43228
6628
32429
4124
57716
92161
42277
66367
87232
95026
43934
80604
97868
40943
18904
11630
2065
86887
5608
15838
605
116
88939
5772
15731
12545
39535
16201
42282
12230
71444
88700
60005
78651
86332
15500
48848
77678
29923
56817
28101
89725
66438
73289
6126
48337
47767
90200
64057
51846
80970
20412
81505
75769
24499
21745
52513
59200
22180
71137
12516
29079
66451
59946
25893
96153
97076
61312
67826
78130
90107
88340
9599
21243
30195
9636
33669
46206
28891
95430
99219
10020
89947
27560
50518
59208
86620
68883
58897
59397
56842
22369
23274
31013
82471
84113
34167
75249
7067
27919
89216
7454
10300
3032
50309
37123
78277
49621
32672
8632
7492
35220
62927
95456
42974
71995
43537
81814
32748
55752
98249
38711
27995
85375
23856
70061
73252
93352
95908
31126
615
93018
26241
98024
1964
81219
42619
6432
96156
83590
19629
15043
33218
5442
65217
53701
66079
44280
49121
93856
41884
40861
27592
43074
42230
37381
14917
79099
61872
34833
27139
32020
41753
13523
94264
29047
84757
16876
89298
28346
97777
56813
4515
94473
4161
35835
61516
78772
6483
74044
49066
54056
40661
49228
53878
62262
45095
15728
79686
10857
48906
53274
5211
1436
41428
66384
43835
2644
50669
83099
48011
71713
78874
51461
24170
38308
64044
52896
83302
88624
73808
56293
47746
54730
54029
56030
25674
56767
70383
17012
39799
4997
59850
52148
558
41726
37535
49006
94887
11783
85415
7147
4252
92656
17223
9485
52435
43119
27574
33281
37440
47396
45854
66764
69626
1539
88941
25214
50593
22393
51027
44119
43970
36386
24828
73985
47957
32693
24802
53101
9658
13085
5285
39200
85235
26643
44906
18763
41987
46528
23822
55670
22338
42151
19307
63093
21344
80114
62130
25297
59674
74396
29533
8623
62184
59653
82321
78410
82632
8549
19614
206
43188
67214
91869
62330
59157
15499
57617
34246
66152
32633
16889
197
65821
46456
72339
32542
27492
7309
1061
94886
14260
42045
40148
90982
10565
61165
37753
25094
443
3053
14875
5734
80758
26359
23574
91875
61031
29274
69078
72926
14641
62064
70235
53626
67915
44456
97329
9115
35848
25915
98831
87739
64129
31406
46054
57409
59874
82218
60093
31012
621
81523
56429
77929
84154
61695
36027
91179
65107
8044
32379
51920
1171
12311
18160
32788
85807
14685
59549
58463
63773
61569
72360
39900
4769
3866
42461
8358
27123
14213
92509
45559
73311
74844
34261
69067
62544
27958
37990
57566
1581
69156
75470
98416
8564
11127
65115
69629
69001
70121
85284
39171
13061
78210
73325
64727
5143
45311
11289
34991
21200
66193
99871
4746
69106
15446
48593
77352
35249
52618
39223
48385
56725
57721
64012
67984
98187
48373
6264
21188
42663
96185
28329
7233
38881
91901
70211
65130
7768
14945
62651
96459
76008
63071
87566
88629
88661
27965
11283
88817
77165
5875
37453
1029
36363
70475
4508
33635
53690
71095
11367
24116
7543
62655
3004
19629
84368
66437
34466
74168
72286
57263
92170
24912
5076
84613
81085
52017
16251
6373
4087
15056
82853
39426
59225
90002
95641
51100
58563
95739
52453
88802
85908
19920
37811
21405
53031
27257
60689
47613
84405
38295
20482
72856
73669
91009
21385
36568
43478
14391
24406
72536
43944
25409
86299
68126
85396
27660
84560
25762
23971
58187
48756
3672
82819
59850
60126
38179
5965
10361
63922
45967
15618
13050
30871
65675
33169
14683
61301
74227
15277
70660
21761
2335
82746
32311
20162
76822
33014
88965
67955
32302
61754
90756
92596
36881
54433
14884
96225
9778
75567
71741
46011
35640
12770
77387
37031
86748
80509
69013
74847
93639
33553
49614
42455
74031
50789
47145
59956
68375
75732
37257
8853
72452
28013
78905
66795
74006
19623
86955
3113
58072
90029
79010
26427
82502
48570
15568
55261
74523
97557
53294
33340
10974
40482
94234
25408
35027
58303
44303
74675
60117
42670
28878
15734
92071
20011
35433
63125
49629
82894
59131
51743
45278
10016
70206
43534
58139
22097
836
98560
9936
98075
45391
29355
19096
50662
83264
15915
10056
15062
61028
69739
60833
11008
12146
15990
95749
413
2637
16253
27403
99402
52463
44131
5773
22381
64564
38812
60126
74789
29733
45969
10825
46351
48159
45634
11106
92173
22855
63390
77663
6109
42904
5861
40433
43858
36174
81432
41376
40213
64143
48880
19768
53824
14707
88288
31996
42415
79771
8609
63197
96423
69194
70894
65041
42369
72948
56254
74016
81158
37810
20167
10326
20247
91113
44623
34919
67341
86405
85666
23705
9637
40449
37090
91671
48802
34744
34385
3535
86789
76286
44988
75761
25866
74761
54901
26409
55
2881
22372
97802
44403
24525
54343
53340
42512
78735
85062
38865
5719
86216
28815
11346
14030
290
43788
49788
58667
52249
63646
61012
27839
82896
91393
61208
22641
70009
98994
63549
74775
56114
13476
67965
50715
13065
29233
35667
99929
76795
73328
98860
55589
37486
99570
53673
67343
22255
27456
52973
28832
71741
82022
8413
87900
16023
64462
84065
65833
14714
11442
21246
91818
3756
75099
13298
2710
45044
83676
75547
94195
28858
57053
84044
98834
70872
19708
4205
28417
56305
2959
5365
32810
63031
57455
68892
36295
12078
78819
66995
43632
63365
77274
39535
73319
21907
47290
49904
5993
79621
25249
30512
66626
99400
42239
78919
34589
92291
63002
82205
96386
24575
46808
88439
19975
53316
24405
70078
98562
83704
74394
85813
78335
47816
81921
55362
54873
90226
85538
3142
47130
48833
3444
65600
20194
53122
66325
67736
1414
69348
98039
2135
80798
56184
88878
36363
69090
66280
67970
74982
71898
38735
57859
29015
5872
37606
61748
51271
9922
3563
79456
14787
19233
77212
73131
19284
45463
3213
6519
69149
50846
82410
87059
15535
38273
65022
80501
58590
689
90242
72189
1169
12775
72074
39359
59525
66401
61299
80711
93032
5294
29866
82017
27100
55509
87904
48028
72172
90698
40955
1536
3429
48978
83327
68358
267
98448
95636
75223
81305
52091
77327
75940
73237
65672
27513
34469
60218
73140
3238
82614
35526
7725
92137
77147
5466
82384
33257
12291
29231
41313
88733
21681
25930
12755
81716
69393
93458
29643
6587
36626
6398
48038
55340
81736
6266
10422
75519
84798
52231
25529
11382
71758
10530
12302
99098
44129
53280
9976
71664
97245
64644
58548
41281
59221
56754
77462
66851
46764
27659
84352
93553
33703
42557
4655
93907
45767
86489
26086
31390
26245
28904
85117
81313
59818
68129
22773
42512
42824
26276
16463
34905
12860
9132
94453
57238
98376
64605
85882
30431
23715
77015
60627
63606
53500
13021
8017
30393
20557
50233
91837
4374
83722
36020
74993
39758
43306
19854
77954
55326
58772
654
30133
30782
22163
30490
64657
17552
14089
97268
50173
16188
23000
64787
87731
28570
56369
84139
97231
19757
76687
62220
59496
12934
6385
86289
47826
49317
2562
54179
53611
24982
48130
43024
93693
30479
67750
69027
22342
88616
79055
28589
88092
79461
87429
51860
88389
99131
56152
67567
21595
94822
64231
70032
14405
6143
37854
48394
46725
33673
86491
35018
90106
23366
37281
68101
4400
639
588
85897
37306
92870
20263
99718
5968
90521
36724
60442
48194
64715
21512
58289
70222
30556
59003
76136
7727
94905
91276
21942
54614
63412
18600
81325
84586
28704
176
86970
22940
70046
92132
54476
87865
42579
12639
43331
63091
89192
34141
50361
45947
62696
43459
54191
77803
14425
46353
52877
19889
33337
65717
64438
57904
25410
36547
19526
87154
36668
23189
31975
16360
7966
5736
39686
2099
19951
96645
12774
69484
43367
63877
73418
65333
91378
58049
52789
42026
80761
23888
32284
30387
7001
92763
8958
93357
42541
26790
9713
93985
37025
42941
62021
79889
54508
83724
94350
33852
35901
11776
55141
63193
10952
78262
40986
52558
74406
3728
74176
76825
17906
68799
70673
26424
17249
85945
87237
19378
50982
83762
57981
13692
53860
40500
93054
66342
898
29060
22687
26583
77587
25513
7318
80993
76451
32644
43559
55365
30434
53162
98242
94469
24544
49160
72039
56405
76983
72728
13267
95892
63968
36106
51125
62386
72786
40519
57489
12674
22734
36673
90815
55875
5420
16893
44353
31153
96091
5895
16662
42366
89907
16161
15643
68840
10174
80222
77038
80211
82118
3516
47041
89492
79109
35545
28607
11678
28138
77252
54612
3864
16131
40171
2957
92139
586
22968
28128
16214
50719
93318
31005
86311
23931
39889
41529
24944
62460
55048
70828
91492
99902
89814
19526
12476
28198
41774
33139
23106
35402
34321
4282
87245
11546
71881
79971
75680
88750
96968
19075
24740
69765
92233
44887
63379
1041
57766
71096
75237
17
94293
61853
89342
69819
94047
25829
46067
54898
17515
23306
18136
301
52440
70309
96979
95258
62651
80415
86836
75408
40988
36424
2379
78205
503
7746
55428
2124
51804
52801
96478
51020
58698
6571
2127
51869
34552
14187
68402
81041
96858
92655
6043
8414
12040
83416
75284
91979
1942
10122
43194
55526
7922
76873
77652
63925
21302
55294
62414
39409
47390
26380
92684
98204
80103
54633
33111
31914
81569
37345
89101
29116
4845
36848
60902
75252
46871
61686
80656
89288
84620
42738
13402
42486
64930
13691
80758
71602
46407
90482
19538
15942
5199
3017
66096
48788
85730
48394
78348
83060
2581
51313
58777
9209
10230
45638
11775
4483
11445
80087
20397
16560
5376
7307
94192
54747
53995
16203
46956
68134
64536
37921
78459
96404
32854
7952
29533
63543
23251
65178
77249
97848
76379
58284
79123
56232
93746
93741
92473
49961
47601
97192
84266
43761
843
59017
88484
84146
8405
6787
55729
86399
35693
2608
79007
19631
33134
88988
89544
5043
20020
16985
81285
35056
61516
18654
12085
53103
54238
56475
15453
81698
31267
99199
91636
95242
62150
95146
99344
19200
51888
8372
80553
29467
30344
51077
39961
86025
79244
20055
20258
82496
84211
60050
97579
65732
42408
24354
60293
98686
88732
19110
17635
10428
98414
62701
73751
32137
7299
4293
6822
92187
22406
22824
70191
63736
34235
40839
8000
13734
10272
92070
83467
66944
3990
38957
74469
84657
26547
18312
5046
4134
61628
24284
5927
58471
64966
9972
58634
47050
66540
84799
44478
7355
91285
41876
26075
14882
32054
32451
63565
54277
69268
91165
2652
9098
27172
6349
38670
91961
52389
60036
99306
4750
46066
1278
53766
70500
79617
64242
15560
69340
48667
21900
33615
28445
58294
99794
52310
37386
89388
20578
90422
34038
99077
54233
41411
43321
97738
10696
79236
34976
99310
56125
63635
60769
34480
53625
65838
52848
22197
27785
89235
20334
79705
29837
87209
63306
23498
62800
43971
41725
41378
80203
53555
79808
10643
29750
59365
51986
99804
4166
81776
53542
80493
61172
50308
74700
72823
1903
1377
61432
76699
18769
55791
42034
98250
97712
37141
90101
67966
4666
9392
73817
90053
30439
30424
80228
79421
4846
46391
23036
76678
92189
90393
66233
48226
76418
51210
86918
35560
64649
79266
39163
70369
35015
23044
89756
74916
88169
50736
10213
34161
57517
56255
23571
53915
23493
78513
34349
47115
97258
79606
8325
27068
10044
43034
82288
66267
24401
90915
36812
51425
32318
80005
80681
880
75446
99886
71453
86250
62086
95237
89456
90286
98916
33590
80854
23009
94648
90472
66911
71194
51660
75557
35257
35002
65508
54457
1405
62789
54686
43855
95720
30446
61303
50959
97103
58234
93543
84733
75543
30540
22329
10069
84555
77538
83836
98645
81589
92046
58090
53788
10762
70513
45433
71258
65276
65904
56134
21580
36774
35241
41457
50981
20266
51831
387
31213
86173
65267
93787
47319
18146
90555
52667
86205
92133
71622
61061
15169
71901
23046
54417
99072
2188
46669
48234
25001
70325
6278
65798
51313
49668
8071
6926
30937
92795
59824
19187
83187
93346
58483
83906
36246
76701
78309
71858
39690
58024
87957
33342
32806
32132
63876
38701
24245
77753
65846
17716
61215
99876
45449
70231
5536
77629
59315
71150
99552
64222
47559
54287
76538
49398
3775
80058
7545
14425
79473
62186
87740
47610
56031
59574
60166
12535
14327
62073
48663
98795
62830
77669
38055
61718
17762
80154
82989
97023
71821
86876
87604
55704
47468
86172
9040
65697
66782
44101
93073
12984
16440
45008
50283
4707
97358
41533
42787
81980
44008
84069
58051
29347
48956
59429
38096
50418
93899
15436
29047
10884
9662
52771
25390
38380
93419
50659
91775
57130
67841
13448
97498
13421
75203
56678
97192
7624
34646
62372
99354
59653
15662
72902
20472
9717
25209
89943
51401
75517
47879
58818
804
12696
84589
8856
7689
49015
72737
89802
80091
77278
11178
62765
50110
6206
25059
688
57202
38611
21071
83999
22010
25343
29561
29618
64207
51992
72536
86845
6347
58316
68770
65709
12249
76437
73159
39834
30981
84181
12430
18100
53402
70308
750
6782
62417
8440
71559
46734
36632
30875
53346
42343
37971
90089
98779
482
34849
16722
2325
65724
14744
71993
10501
96185
65613
69781
70834
18343
5978
59625
55546
75352
54290
69013
24545
76795
13443
76589
95636
36200
12674
39813
61105
54937
52
93769
49064
84304
68070
55883
95405
78169
97931
47213
44314
48344
85521
74660
59106
13892
55265
99103
47799
48883
17184
44212
73537
48371
94769
59348
6719
73859
15014
74110
6915
3772
66964
55113
34548
45645
42720
59016
49994
58089
79937
34909
21975
36878
97088
8917
17878
48763
16518
16214
36749
86036
31636
77861
88338
10865
82218
29675
3188
1028
48797
25872
70064
33783
84096
86557
49492
11941
25516
67121
10649
19951
35824
11393
89570
30639
6140
8053
58577
48948
46343
65865
5785
14455
72451
86273
17929
10366
98267
66068
83413
77119
42019
79604
88962
55380
68263
8690
88547
47447
94102
9282
10665
41751
83524
13296
42871
8008
15126
53654
59513
12461
77201
10640
61110
20195
27127
23593
94477
43851
95937
76560
27692
45670
66075
40538
81048
55285
70967
5603
42221
59107
17427
25898
81562
1332
59842
35510
5760
69741
84611
31490
24038
6240
17924
95666
56053
84220
40
3302
19751
77657
12633
67858
50838
74739
34664
91567
85853
98751
27548
84013
21818
86631
75308
57762
82392
82769
16149
50960
49429
14160
6514
94987
9357
51877
70217
38843
82412
43663
99149
27249
40672
97120
62183
56843
50310
88091
30425
18099
97240
24605
81452
86654
62645
32912
38248
48555
25785
17928
56838
56515
39217
58933
82199
55049
3196
38390
82491
40244
66316
75681
27337
2016
30438
19234
82565
87959
82470
34344
84861
50911
71088
20171
62042
47288
70167
62783
81481
36764
19398
63690
24781
55550
40683
52985
33395
22849
94055
84901
28430
19174
17425
39598
66570
76246
59619
56558
5578
37633
74293
32098
75190
85380
1155
28052
27441
37262
83016
68238
58045
46819
33080
99425
44000
82384
85186
98930
12765
41428
97293
79398
74736
27200
2694
66964
93575
41544
45522
88364
74779
3882
2997
64039
40056
53533
49722
91691
2123
99110
37402
51679
23084
12108
23395
53059
79315
10358
39774
46002
92916
4612
98016
59722
57546
44289
20287
16707
37032
87098
24546
35318
22475
68971
48644
39362
72597
25979
96390
7054
44459
31296
36712
89416
95004
38402
69878
39879
66426
4025
45314
87946
16388
10683
4307
6840
31465
71529
38863
13969
84134
28872
35332
19494
74285
72579
70934
89361
47750
54681
46382
50017
23456
53397
28504
58073
84958
99827
90746
73714
15960
52509
87789
10810
702
2386
55182
89380
57753
39423
64053
35784
49342
96907
16542
24177
18774
8732
8102
81404
10181
89265
98113
17951
4656
68318
13152
22023
431
12098
86972
43575
97245
76758
21418
64131
15030
54059
41639
12598
67143
37801
53845
67689
4888
14229
91882
81970
24160
77543
47353
50466
60941
50181
23293
64364
30097
50928
3126
45457
21637
32489
13075
97382
56577
51030
57310
78208
10350
52683
60412
49216
91957
21828
74432
84671
47707
85047
74722
31698
78494
15893
17481
67933
45203
72086
88785
38339
54597
21871
87289
19139
5142
47397
46611
48684
26994
18079
34287
75774
64676
30620
70689
29717
39166
42953
89521
42436
33891
38357
29574
53386
87953
12178
25604
57202
57738
84028
86356
94519
35268
64899
13559
11022
94390
31408
88556
23654
28582
66605
92233
66964
15284
18839
99312
58626
87970
61822
22199
117
45587
64636
17056
19507
21962
97451
80537
61321
59967
1822
88761
45072
8625
77649
930
90183
97545
79553
34951
40948
35123
5743
49561
33510
45146
47213
33038
65849
87913
98262
41252
99965
89871
25317
68120
28321
91033
18578
89232
1778
10090
52434
56083
58118
2318
99189
99664
84558
22810
87421
62636
32607
77385
69095
62560
80621
88581
2270
49253
87233
46354
46103
26859
63109
32909
50711
61442
20478
26802
9272
72191
15165
20332
62687
51344
94004
93030
81270
16146
31291
79674
19037
5519
20346
68213
6408
25674
65638
97265
77618
9962
1041
17839
92371
36509
98553
16302
19761
93283
78387
91805
16717
67869
91074
25988
75957
63525
45388
70885
37458
17108
89500
8014
52106
69533
91822
53393
93687
26068
24625
60450
98935
13165
95085
39522
88979
81145
37250
56682
27955
71765
59910
20433
96193
62856
42522
87292
95897
2081
64188
53757
7288
63750
22327
19723
95094
23885
82368
69907
99194
84854
3047
36881
13346
57959
20938
79171
42424
6436
95056
56808
83503
70236
24879
46879
70613
29105
73252
43288
64081
29051
13901
90356
58163
2691
36431
48035
79295
54679
18914
80671
87342
97829
7151
83428
76091
91026
51663
74759
48501
91464
6164
88001
33245
32022
12606
61662
82684
43451
1539
44183
15107
86974
65561
86391
27056
79695
37633
30101
8680
54615
40867
25917
64069
94248
54116
53546
27545
68468
19489
29096
56545
3121
64393
75884
29284
66336
62717
43594
