61578
765
96038
43448
44263
90893
65775
54570
48439
85673
71821
39088
9270
72604
94456
21677
77767
90714
63063
1735
5896
68878
81340
11938
28506
65716
5786
55610
45809
68939
93118
39463
94173
61357
23853
70316
69141
44126
91010
4380
30570
50655
70974
44337
89208
5725
51126
29179
41852
7969
86001
53324
91706
25803
18818
24905
81317
27708
95593
44843
90063
32152
30373
1060
84011
89006
74507
66184
6444
37410
88918
98902
48020
52189
97482
77299
3536
45391
85422
95555
18663
11055
63043
73910
27514
74647
74652
34464
44267
31914
45719
96502
13965
89242
20242
93256
61674
45193
47436
75398
2263
17950
94144
96546
23054
690
4997
40641
38712
744
84822
48841
57504
2722
39901
31050
93816
91060
47201
41181
94542
5245
41771
96800
64585
96777
74224
74411
26743
97424
58273
26357
67667
79097
14437
26635
14989
15202
65547
55011
89160
26058
33772
6012
27928
66632
33890
71483
31545
80060
68347
68402
49886
3487
56610
7501
63741
89101
46648
44578
33942
8981
48159
83047
42277
33857
58529
49751
54720
50120
36656
14210
75316
96541
37777
71655
59825
26565
59109
88896
87398
18776
18531
58357
23157
14571
45429
74302
87805
14557
49269
48315
84445
21988
99757
96986
86234
99151
48061
48727
69877
14088
94562
58830
16702
73768
18375
92286
12015
31936
97040
9793
54734
59651
30863
638
86380
47075
24809
61740
1184
49906
37599
98142
5759
45374
39090
5557
51085
81506
7730
13791
93446
82297
51372
79604
18406
88510
19756
29312
56988
80639
8247
13279
79007
99825
49841
78288
68007
47784
52575
60400
48504
8377
99149
4550
32011
98212
77347
85184
4091
58571
81732
61173
32965
2322
82333
15603
8573
20916
60706
15381
3267
11922
60478
33496
76983
98193
45755
98199
46181
13050
88710
83023
69916
42178
78481
37994
81264
56433
33589
57125
21713
74135
12928
638
35070
21215
76093
94055
80058
71492
35043
67210
98768
37149
52057
4460
3951
62651
71248
6423
44462
39520
45109
6725
86271
87145
19968
41259
66734
99454
23324
62828
47703
96060
42439
78615
16605
33459
6001
47213
8726
18889
64837
24382
58062
90975
89718
4109
66263
99094
83615
60412
63187
22437
44975
58315
64786
74032
56684
24845
15021
86402
35859
36642
82242
74633
79447
53287
87021
58841
90870
43149
58507
5238
72890
41861
92238
92731
16459
39723
72204
29015
10529
59643
45754
78036
36611
79445
79478
66489
58611
28266
60815
80508
23561
51172
25011
40609
39675
57333
63269
41268
62559
25393
93053
18222
29225
69402
75259
84771
92917
8704
96435
58681
56479
89582
2208
48082
6348
99337
80426
41788
64968
58129
38598
89254
60156
56633
1381
1966
23322
34338
56229
2887
61207
38636
14218
85515
83304
35969
95161
95063
7064
11105
49382
64256
30208
750
94421
65501
24978
3258
13330
73997
92125
76233
33007
58775
15784
75401
77440
405
9729
17842
88483
68010
49605
81283
47808
296
62997
27538
95763
45815
85228
23962
35592
76960
39035
73126
7104
71470
41696
98126
21929
82985
97086
89338
18245
12986
75479
32352
88319
83791
12951
47075
1202
69011
65031
18302
30740
15187
4802
58915
66219
42736
42502
58674
89435
80484
27698
93084
82584
5720
80034
89676
4533
96446
82614
99734
60565
19933
56182
83960
17817
88834
41241
38362
53603
16881
79289
32746
95004
29653
38541
67770
6785
24065
75882
9655
56082
91989
59322
87315
85513
58716
12933
43930
4577
47177
25050
10161
52652
90551
91906
29886
46669
72698
48832
45437
55646
13807
42758
74449
64680
29539
91978
83024
90672
38193
65689
32790
83427
71823
47645
16396
65677
53201
33181
40981
87993
76789
78798
35277
93850
79108
85614
4838
20939
46738
14241
85951
10751
11187
64142
70752
31689
20120
32268
75991
8205
8524
6578
5628
68914
2519
29661
45107
56730
29703
47795
64174
45718
69583
43511
16856
26587
43991
24178
74640
66443
55473
41084
38499
2376
2715
6063
7078
57202
10701
41023
23594
30960
74385
68432
58763
79104
5512
30398
61270
56961
5884
67663
35767
72171
98598
15386
75643
73115
55216
1976
23012
41626
11468
62653
11366
60643
39892
57776
77079
82556
85633
61421
18602
33906
83134
62480
65864
68195
35405
53614
54772
14005
65556
61294
20023
39999
10836
22347
42067
68456
64001
14662
49151
49957
55994
79087
41438
45752
52720
52654
39434
6460
91893
53682
97056
38099
21295
72515
49917
23338
31147
96996
60630
14426
60986
50040
18331
91317
79244
85044
74312
53514
29554
74291
96446
76271
58202
90399
54685
21511
98510
73131
90192
5841
47213
3705
71681
98032
55364
83914
78644
96894
99200
16368
12212
74804
95418
3845
86729
9226
99433
16475
63443
92677
87600
37707
66522
8654
50441
97591
69766
61168
35968
99626
79870
47302
84696
43572
23334
40466
30977
63779
31042
44392
76783
93590
83613
1623
57919
37748
22555
88358
59905
7956
98927
84645
4898
37553
19253
33320
79692
27740
34601
73617
85839
66076
78752
51719
14155
69153
60290
93784
24304
91397
7989
28199
40656
46562
94924
36476
63654
37372
67443
550
86291
78068
43468
53571
50901
21677
18495
68799
72358
89756
27316
80236
86735
85241
58757
56466
82416
38794
59700
54282
33105
64630
6646
15406
63735
43209
93560
41417
8482
23906
16694
60460
66836
69335
7052
70137
38876
84231
61701
69604
26880
86431
26172
35607
19748
21174
64224
13633
88706
47625
70834
88001
32030
8929
14103
37081
87710
83525
6969
58908
96754
449
29004
68255
69714
58646
43639
27933
37445
15551
86086
48970
33682
28010
94246
36685
68544
38715
41565
87251
39953
48578
19617
10457
90924
43560
70332
7690
36682
71900
72293
21831
77207
87266
31486
25236
66197
30206
93825
17887
91891
41661
64322
15637
85853
59429
47811
55300
59195
17467
70543
51612
33684
21161
49141
73953
59346
71506
55203
86518
90819
62606
9311
26316
84388
73095
2399
39564
19351
951
99247
59467
61562
19316
33991
13794
22998
67790
87690
24728
56026
42799
79879
68906
42498
46617
68078
49969
73585
86098
45561
40800
18434
79968
20213
93117
69334
66909
14448
32345
90057
4263
46945
43145
21184
30839
82977
594
38694
13492
9657
44586
6328
18230
95173
8733
63320
62295
91008
94888
34758
81388
61993
82749
45358
53085
52230
2940
14552
42298
29066
33072
7814
35000
12739
58066
30585
21983
53317
35391
50981
20809
34293
43065
82402
99261
31632
47765
98875
50716
75616
91120
17883
52568
13332
26203
82123
19915
26428
1939
11644
42879
84839
67807
65276
3826
52737
39725
90731
23540
31404
60763
52482
28063
62047
84118
77370
58228
82971
67049
68452
92772
74453
26753
38701
63080
27470
577
11281
24796
19024
68992
31401
13132
31002
44334
1172
21042
27328
12464
24490
45611
58325
94591
68712
37216
74000
98547
64105
97979
63361
54797
99254
95125
97040
48452
41061
27278
3443
60132
38331
91080
12814
70513
89391
8592
12682
69524
46295
14695
48909
16375
80919
37258
61448
43933
37952
20067
59929
58320
88792
59832
23379
61256
68560
16065
76050
96453
15578
96312
28779
884
37874
85818
41470
23912
38395
28797
63809
3022
75329
10429
30623
40561
10849
18971
20029
80923
71080
40519
23436
24511
46515
99924
26073
92037
1197
40886
52250
2743
52141
24299
33059
11866
4870
71587
81577
70924
21987
8267
78259
82607
729
70965
6995
62881
74040
90163
31670
92649
11478
42164
16939
53522
9047
63053
11921
40400
21381
94292
81853
77144
70642
4158
80412
18908
69156
24397
59652
17918
27450
702
26242
19146
89844
80984
77161
83749
88472
49437
99414
67767
30017
84940
55888
20442
34374
80868
59809
79694
57429
17920
10869
89613
60580
97717
97351
8465
78020
61122
40537
63652
91923
96965
68812
38274
99001
13037
3291
57947
70205
27775
36891
2758
36049
11157
17517
18172
23028
18808
55799
20665
13355
84121
12018
82880
68306
28209
67602
96156
23148
70681
34158
85781
31907
33829
86524
39556
47726
29079
62642
76401
37089
28849
66399
74521
46189
78441
19907
75255
75896
95108
86059
54186
34633
24451
61753
63267
72486
1406
93814
46655
74170
26680
97880
25353
4473
88206
17816
36889
48045
8498
66556
2520
68120
70431
23775
82634
52321
97568
36205
79054
27435
93923
68327
90488
39422
46964
37192
79343
97881
37272
30260
72126
9327
7986
65534
38676
86417
78517
91910
57469
9735
17936
54110
40428
39957
71248
65709
2557
89329
4428
89560
82195
92777
52362
13843
90422
50254
4213
49801
96009
76778
28534
90329
88465
91032
69045
59752
25484
6176
99832
80367
54021
33324
31706
32216
47240
92610
79781
66444
35753
92371
33833
12814
51534
1049
26522
53802
49616
60986
66049
30169
51586
25979
50961
43673
72672
54023
99576
1819
19187
68682
48217
37865
54937
24678
32420
73593
39932
15147
17430
14185
44179
35142
78499
41993
50764
94554
83801
38068
66058
92887
9631
99292
5689
61861
53578
62746
92042
36853
35869
87760
49588
43625
41725
18922
78405
91240
42808
67040
14379
30660
33276
98648
35952
8146
88746
10143
22508
81152
75309
90907
94114
47282
9760
99858
97053
21136
25599
84356
89674
13951
91331
97804
79007
81120
28225
46132
91886
89822
16080
20040
70318
69394
41816
51779
93544
59564
87919
42285
19608
20706
41790
45110
51039
38058
48059
18499
25172
45702
47936
21195
7815
84347
88319
95577
8631
32690
90635
8933
33724
82257
21479
94002
41958
88459
40806
81472
71574
41036
88844
81912
44500
43005
75600
67586
69416
33985
77113
5660
24749
38208
77782
29772
19397
42564
59290
70247
16931
37020
71782
85942
55492
72949
22399
69630
23141
82617
90756
77736
86707
99006
27815
85960
23226
79891
64629
27982
96728
63070
43506
18411
36452
44882
57015
13445
4089
82792
68723
52888
87875
11020
22353
38194
26014
64827
82739
25384
91070
58336
38744
19254
95391
42572
89318
63097
63156
96544
51845
92998
67102
69884
53334
52808
14278
36168
40702
10699
90153
46767
70430
94123
96327
11568
23514
99105
42066
1438
87162
34128
92757
4665
63332
40618
29439
54834
4393
86179
95686
42302
80615
13136
92020
49027
85986
30572
49586
35058
94857
51963
95462
93107
562
7686
74281
73919
17163
42353
71151
25843
2635
24778
38669
28691
58835
82742
15884
60377
53412
79181
4902
94917
73003
20503
52613
92506
23047
25058
9815
13421
60646
36239
92209
45903
36915
38863
34250
14212
82611
90110
25882
58386
53659
9076
835
47698
9313
45224
1772
89402
20397
74686
21627
12949
88588
7701
38183
80748
89697
50584
99462
64810
75111
62615
15588
27184
77299
10357
30386
55995
83298
58836
71859
66838
16133
80865
64389
24200
74091
39729
92984
64738
99876
41184
86265
63348
50539
36431
52445
77498
68649
78666
43906
41981
93084
67014
95010
98868
29320
44316
81065
47867
91832
24977
68522
27139
74684
6509
36060
38870
92761
40633
67951
84987
85937
87423
6711
73193
87716
37789
20804
18073
54375
716
18789
9974
16991
76863
86409
68396
47832
32894
62640
67623
77802
6677
31009
55959
43662
65596
4010
38946
46950
43722
45868
1299
31701
23220
95121
98066
9875
75849
98415
29223
49460
63804
88592
62758
63379
88007
6291
51457
4518
34506
66953
79858
21463
50169
91851
59779
5175
22990
547
9435
8164
20924
52867
15362
27795
28444
5793
32382
18139
99490
2321
76105
33413
53247
90786
23692
54428
82815
49762
64584
39571
32838
4865
36709
57297
96357
8055
96573
70444
55537
41515
27786
12677
49977
21421
8390
73670
42900
62595
17570
93941
9714
5993
27586
31161
48056
82171
79795
37787
73687
45358
11949
96505
69731
18734
30252
78538
26696
73610
29134
59203
79232
1877
28510
84575
21392
95388
97554
64781
26828
96704
92937
61298
32112
73028
2121
65023
60023
24525
17872
70328
69061
99024
53480
45416
95795
70544
96380
14520
88035
52553
76276
50358
73425
78534
919
78022
68271
69859
98815
103
21803
90542
71058
34838
4805
83648
11790
10701
80777
27067
19205
17528
39043
4001
42877
16028
10633
9985
40244
90839
58572
97317
68303
45663
23675
8804
30446
7194
49599
56032
47243
75539
79177
36297
3637
41611
10596
10730
48440
12428
3489
63540
1616
76215
96461
39690
49810
8911
71492
96743
32624
85606
87481
68796
920
75832
12502
19956
68024
15971
76313
89129
17524
33834
71148
26769
77567
48961
44264
35753
33011
45269
80558
81858
31783
93750
18772
48392
78018
19806
87571
79691
13910
65124
40351
72310
54996
96639
22243
78143
74145
40288
96537
71408
88665
85724
11887
80606
77928
79838
90846
10340
57640
46663
24504
69731
35254
73429
79507
7482
5359
594
5843
55557
51820
95459
28089
24952
73886
49785
8755
36445
75967
51559
61091
20639
18780
23829
12815
37903
23667
82623
64426
10112
59007
75946
53927
42670
69412
6291
54595
26737
3056
83234
56872
48578
39876
96710
8333
54503
95182
58030
76147
26745
77298
19923
5044
58253
81374
3251
88992
48647
99105
53816
93611
26256
24810
14663
83643
98575
81748
79686
23175
610
83668
98860
92611
80268
77224
83100
11184
97667
23143
58954
38751
16397
25878
99524
18843
69498
35445
19183
90305
3766
16313
46918
84815
54177
90605
30158
84796
26944
10977
16986
53675
59963
59819
85881
33259
94165
54774
70877
48085
11853
39316
49486
9518
8760
72489
57628
74292
44611
71534
54168
72772
81859
73147
64971
52920
82040
56016
3627
57270
43133
40294
97345
55755
55549
19739
47153
19205
40134
56086
80886
28883
43344
59760
68339
72924
26000
84812
56752
33654
85311
46314
23961
15857
46656
37646
83631
38747
57982
41590
40377
43871
1556
41483
56649
84607
54242
88678
91861
60656
37579
45993
59697
44691
84702
62246
76364
69834
14840
52515
75278
49778
61819
6091
30206
89840
88503
72840
16441
26725
37864
5674
41467
93132
82508
881
4682
64670
85495
18340
50061
67945
17564
8333
25000
62420
30763
25880
30659
18497
9550
34736
32177
60390
14557
90410
68723
36753
5887
83368
93820
36191
16488
33504
92820
45471
14726
1007
11226
96202
79708
10422
46129
51974
85824
29698
70475
51091
74009
22820
31324
61026
2253
5920
91136
16786
77461
97673
93009
53000
50543
50132
78279
48250
16059
23086
19633
98463
17648
35121
94720
71823
54024
5743
42528
59073
60288
71613
94758
78712
90854
10889
45733
93000
25858
36103
34171
60180
75546
53473
78022
23181
83561
53286
65528
18379
71756
3744
82096
10364
52839
28026
43335
48569
15453
33309
45548
45067
59306
57546
37194
52885
90479
39596
87964
30389
36159
24840
29921
89531
73405
54364
95377
92030
2619
83732
95937
50492
17973
76150
6714
5243
71535
24560
19221
65264
8285
13535
13136
86701
66753
1419
27874
98221
11964
18943
72705
17123
12883
75811
95912
31916
90772
59183
54057
46097
24789
56959
32482
68517
59072
48536
27282
19199
1400
74450
67589
87257
6466
51386
3521
58304
69899
6481
94518
40601
74716
50217
28439
77104
1748
47751
27444
28982
7662
396
57905
50158
84495
53024
37914
70756
24887
17025
98092
34181
83510
9908
54449
92762
877
39236
94426
66110
47634
95201
25526
58575
56701
98955
36061
38746
72138
70490
71906
41608
91370
27362
3024
38842
66497
52801
70201
50749
77722
99319
88865
54872
21517
5361
68782
84961
17915
73274
37943
37505
65056
84895
5729
8099
78131
33007
48553
21843
83399
58163
38689
25410
17887
42722
65225
16873
27920
4844
10572
33168
2307
89992
7707
42858
19641
10234
55550
22905
75337
26458
25623
46438
21872
272
68345
29942
94936
86349
93034
9333
4494
97725
95580
99207
13543
43688
73033
95959
23414
66671
40132
4682
99007
55595
8930
31316
60844
26378
87346
72902
76451
15342
63715
94829
94371
34352
32264
91340
55990
87542
48374
40206
7376
68176
11862
85028
46315
78443
19374
8247
83688
95168
20903
29938
1702
57181
49282
57985
20425
82146
89132
48840
69773
66468
46649
89526
24630
51271
57038
18236
87710
2939
10851
24932
62569
42795
73745
25812
20408
35152
41941
90825
60543
33890
19691
33867
34442
53629
97927
39298
1167
68561
57561
93547
76258
44335
66695
2560
50054
7429
26549
12098
46524
56750
97022
19410
441
65637
54695
59010
12722
94905
64095
73576
70863
53580
8643
23404
77704
42303
5713
59323
37746
71638
21624
12812
41847
90546
56165
75934
53970
98858
12326
78968
27428
38407
81743
38
88246
89384
70636
19885
97131
70617
73995
63126
14156
74810
62494
30487
23056
99899
19964
10854
40951
16966
67561
52458
5785
65520
72162
12111
18893
87932
82458
39583
11061
9095
48900
59752
94991
76586
23926
34446
45997
96906
61605
36779
829
85175
54932
21999
24565
57651
50711
97467
66993
57568
51695
60298
75014
36240
32798
55678
38620
13372
20663
90755
53912
57137
2722
568
89274
91219
39244
31562
84281
40578
33201
5716
21226
35260
90910
10295
64658
61336
76493
36656
14849
23671
89665
22491
39843
24449
12686
65044
75897
84514
8880
11412
52473
33524
58682
85781
63141
61936
65757
48703
91987
81448
36805
95669
46198
9903
75172
47824
49959
73543
29198
81975
40751
16441
59743
25065
35569
4665
34962
73338
94991
68275
26117
88589
63540
5220
78926
24745
15499
14087
10212
14751
20471
95596
91771
38571
75650
92785
93722
77124
85356
44737
3819
72417
34070
66944
84250
47559
19423
83611
24294
85967
48047
41024
79078
78356
7761
93942
93891
63500
55066
63478
8661
18241
42497
43304
32523
82218
52471
6885
73331
13913
10758
44670
22032
63969
33443
60795
91326
57589
5232
53576
777
66081
80397
79562
41853
83852
66691
63030
25636
60084
80863
97143
8095
63388
48018
51605
15883
31000
15615
49745
90719
50410
53303
11369
72835
85594
30304
59092
34657
65215
12917
19902
25633
12132
135
56614
60515
55643
17479
29247
4816
16985
51023
52611
32099
7919
11171
32964
55911
25002
93163
21333
31373
42419
22485
61455
73131
80377
44100
44534
43696
35803
200
89539
83702
68737
4753
21546
91355
38030
77126
49646
25912
9118
79368
22131
58102
57277
90088
7341
93832
20139
8915
64951
41577
32523
42105
98373
97989
50680
28942
39013
34398
40010
28761
98
39964
8874
20792
17094
98380
28710
66435
89100
94715
45800
54680
54086
18694
89714
71681
50665
49953
66359
53776
31542
36948
67377
96260
26646
79414
13940
3878
63098
29722
22603
99901
83893
60292
33273
3899
39055
34289
99233
38782
15124
96807
84553
46459
12097
60313
5294
35865
11450
78501
16288
20140
80925
41944
18715
55900
63788
70340
45903
66693
40912
16230
76254
37050
22520
61305
85362
274
47929
63593
92965
61522
39278
70956
98619
77979
22807
54183
31780
33124
42672
59232
9419
73467
64804
87663
15756
86997
29703
56861
83626
77651
66545
36477
88967
74
3188
39390
60988
5437
78784
81626
36277
28685
70461
48249
88955
82210
20077
10818
64999
25604
87781
90897
19607
62954
3017
86612
8988
30972
7021
33234
69594
8086
97572
2130
77623
13564
43143
56556
97981
53039
22465
58889
94654
8795
99693
17341
98298
31186
2022
11709
69558
31706
44095
84981
51035
10398
403
78076
7192
69844
53076
81113
6622
13421
57910
57571
97659
92155
4297
37523
10330
20681
11641
98355
58843
62847
63020
96484
80218
24497
76200
3556
90053
39753
63930
4577
2908
4297
45512
52149
76055
77571
76774
98273
84254
99087
8700
69597
39082
62952
45840
1778
73536
67095
34964
65301
78947
81603
32331
2412
42069
63103
87569
80542
5508
87092
48135
23231
74911
3871
72490
25261
15630
59973
16763
17226
55130
27285
13910
38482
29575
38062
18764
42307
941
73976
38393
1828
33010
66549
91791
91655
84225
2085
4607
11458
16357
16160
38173
48407
32869
67309
44
99551
94639
30841
23941
8909
33702
16245
82084
10320
22762
92939
10571
17600
49394
80907
94780
55485
19574
58471
74288
95605
13320
30174
18577
7088
22060
81451
21465
12246
75395
93725
89538
32715
33158
52239
26449
12877
79953
45983
73769
23861
32342
85744
19993
35121
77578
26593
50970
62030
83039
3613
75920
17209
70488
54813
19613
44514
15631
88929
3615
83550
80710
4226
42315
7811
71558
91035
53788
46494
37729
43236
89861
6215
73252
45840
19352
5487
91853
6900
96118
73632
31028
7651
49871
31229
50036
15539
76202
48541
18344
13343
70817
86628
69743
41425
32332
1800
48667
87806
85115
66480
43783
85190
35620
94264
23579
45881
63290
73356
15728
43999
84501
68289
55176
64551
96884
29296
55975
80853
867
81729
93966
79492
19571
4927
73165
13940
89652
74164
69877
17126
92211
17224
61582
88888
42848
30178
91077
76672
23492
61866
69362
75074
16797
89581
86468
21491
68016
32052
42137
95040
24412
30195
51078
34172
23333
58337
1738
27350
79195
35454
5275
10711
81399
28253
90278
35483
64201
21543
11126
3603
83569
5969
78869
57793
8511
15050
10610
54855
79476
1630
80203
31963
81543
13709
53102
13208
21427
56136
75304
79884
2828
93155
86901
84211
47400
16442
24134
2623
41538
75046
67673
75078
68187
35867
30464
76061
11654
44240
29123
39835
64468
41450
31997
38169
31376
10428
83758
27734
46794
60526
53929
66435
93796
15798
61014
78904
1078
50000
4515
14050
69085
52384
92684
67345
16064
37495
58295
54941
232
17200
84929
25969
52640
62035
4774
34434
40237
26346
55375
81321
61778
69256
77586
76778
65136
26307
49898
6674
970
695
89756
96091
98878
65319
46043
9593
93593
39935
36185
3583
72841
12798
4275
7610
54752
80388
77237
61727
55313
43410
98559
37661
13945
56972
88932
36217
30862
51302
48879
60744
46442
24130
30196
6140
29916
27406
26381
30015
30255
46080
62966
44057
73297
99852
35704
29497
16291
47131
11921
23238
38925
2833
5934
3190
73733
5508
64784
73206
42266
28228
16571
62902
2645
24109
59215
24646
39441
27246
33539
34416
97946
74650
72601
65451
40247
7103
20646
16988
12759
49693
90831
66246
71716
47031
51162
10323
38058
62906
30754
81462
3598
89763
7896
22862
46168
56095
74320
23176
58540
26420
93151
27200
9311
78578
5434
16157
7561
68700
98842
45837
96340
57819
78318
25843
89379
16128
79169
13327
95575
28992
35094
95046
56014
33082
19314
35596
24360
62108
12719
59259
94136
58581
65049
44143
34488
58648
62203
29367
47643
70589
22717
84944
70660
20250
57063
80874
62230
29900
26703
17918
76508
12383
47192
92072
11999
9678
51211
49097
35586
60925
74878
63870
80962
89985
67456
46067
1160
19023
48194
59298
57458
37818
86454
56752
3588
59392
69161
68312
60958
69536
39764
79394
67042
47421
73153
57844
87455
42869
45528
92828
55669
69927
61514
41216
82516
91245
59865
23287
86321
41835
18673
53622
65051
27975
82841
72956
9893
37655
47807
46502
33479
52877
84356
24037
22163
74634
17043
89591
9974
48145
20737
81381
16340
42128
4908
63305
81170
76548
7770
16071
82332
16098
71447
77708
3156
88232
31386
39317
3660
76832
33981
67081
10059
54694
80321
16941
35459
73293
99489
925
33818
74842
13223
49060
78978
66742
13344
77364
18248
24881
21
91217
63704
54026
9185
79701
92693
74231
49251
5856
14826
73904
88900
67477
75556
2678
14896
56992
38783
31931
34664
92841
25442
89980
45892
55171
42885
60205
56665
50421
41795
87024
15595
71949
13744
27263
88366
57608
84566
708
45865
48753
23293
99776
88764
81522
31937
53088
83681
57362
10503
34512
96088
28338
46218
4003
2673
43688
41371
94885
14582
58676
76740
50840
77357
3220
62840
62443
36430
59778
36951
90801
77475
69084
58773
66928
21905
37788
74041
5427
77782
95512
35610
13361
34145
70859
88087
95448
90131
33095
37807
41028
64442
8259
21927
75447
54825
67680
78185
86541
15492
56537
87035
43909
89304
41677
41491
35187
8686
29639
6723
12356
25434
58943
14484
57603
63631
86901
11328
76334
12371
61962
51543
8293
78830
61318
75000
50194
5272
70348
942
40118
90800
58592
31553
2185
98751
48665
16346
88142
90867
55003
90765
46569
13720
792
12878
69377
99540
46954
85682
15604
49948
34743
24955
84111
7136
99156
59066
81420
69341
84067
34563
68597
21614
15139
66509
26563
172
42031
81883
15336
21884
49763
18396
3268
79591
1111
17496
49429
62283
26854
2063
39757
50971
25983
84891
77949
60801
82280
22403
34797
93089
45267
93554
95951
6283
6843
20361
86701
15351
79028
84593
68540
17167
93132
35707
10828
98571
87070
61377
42929
55807
53059
4014
87850
13986
45152
64008
20132
54881
61914
8881
94904
88531
41332
86
66157
64664
42107
73225
31401
64666
69574
65597
2088
97680
68937
34090
14691
75441
61215
12210
44906
79166
7272
27610
17311
87977
59040
92069
86404
36404
19845
60346
82353
64893
63613
17828
879
71451
71902
70889
22999
78491
43420
44934
86564
63517
10759
4825
90002
61143
37423
55526
46927
19292
72945
69845
1422
15676
16372
42925
62218
33823
60982
90854
30139
99627
98920
79002
16349
97258
39731
86229
13997
48020
36362
85072
88365
85406
26657
76712
38991
72499
75429
36477
23243
27416
53720
81349
52160
6398
785
40041
1394
46339
98178
22392
32428
73631
16591
89786
88309
57920
75401
89902
20330
3913
18231
58602
88091
52969
96160
72767
67972
99391
28791
67059
86260
25902
7152
26588
87543
56865
60782
68664
59536
84722
52427
75807
4002
17420
33270
9785
48013
95665
96749
95336
4954
82749
15989
52397
87287
99901
44929
85327
21918
44319
24519
77512
92380
60676
96198
6377
27849
34530
8126
35401
9994
14717
56093
42510
46112
1924
62433
46241
47940
50554
86540
17229
6927
3883
56756
21307
58356
26157
57135
37698
47199
79610
59197
88034
78349
20973
48803
22751
52178
53307
4321
69684
56459
33384
28516
77465
42390
40105
90814
14150
9626
67287
75931
42089
44564
91423
47505
64385
16379
26122
57174
92347
38728
39138
1224
26574
87465
61782
27763
86700
29347
70578
67270
45680
98608
86921
68879
4115
68370
32426
80544
66099
67256
52184
77969
27388
8414
93907
95058
74671
79232
96144
81551
60925
92609
28222
28321
69890
9980
35253
67412
58677
38210
49177
76908
62835
46765
88371
74335
79782
92209
60071
42849
52299
71380
42116
89512
23458
68811
86706
74765
91238
70955
28465
24943
9716
12383
34064
25154
81441
63708
39486
43344
78486
30704
21230
77100
76072
10429
55382
35879
52575
99689
39221
14111
74652
47956
7904
783
61398
45038
67602
8559
82082
8203
32774
90375
23904
16172
80596
52891
39065
69706
6519
44177
45032
91030
9390
65832
36520
68447
89954
97299
12722
3624
15650
35769
79019
57561
61621
54093
63348
80840
40869
57602
22355
81132
48673
72313
18038
84837
16640
60363
24011
63811
47428
76923
76293
33673
57954
67964
45889
79184
10582
57789
33994
54135
5311
78144
58408
39959
93624
90448
40652
70661
59522
86496
3411
92569
10997
51868
83323
29622
25451
31479
14946
44345
74542
8977
87361
53166
93974
33764
31904
84479
32228
9909
88477
62767
75047
91350
65048
75156
44181
99256
20730
81275
52968
81640
76505
15499
37303
79962
17389
66218
82306
18291
17280
93255
83174
19928
81248
13933
76558
75353
10932
35442
26353
43452
80594
99303
15710
16466
50030
9149
21531
85490
67291
61833
36110
48459
13790
48294
99374
39242
42620
20745
16400
6365
63526
39850
34529
92326
87170
42323
85841
25761
14095
54222
33071
40582
26440
24939
26746
17113
53961
40365
60082
26146
77140
98956
55534
82712
70201
29551
19170
82391
79891
34648
11788
78266
20548
14303
97860
24148
55268
8851
32310
40086
19490
68737
87076
13218
62690
48375
23626
43116
8234
45401
68071
32417
69761
13366
81926
24401
35966
17311
9712
67772
67495
91759
41861
15484
35703
7384
44630
2406
27355
35148
24842
2154
97772
87148
92317
68358
32641
93785
34414
87684
76216
98587
4637
30751
62857
99277
67391
79320
89175
4292
55403
37382
1847
54192
44859
15535
97790
86519
30154
67467
75888
82797
38305
51704
56476
76140
94068
59447
15723
68137
40635
74051
96823
19721
80855
2359
28119
38087
39593
1125
30028
10227
38918
78285
17412
55151
61613
77789
22534
44665
72448
93669
7592
24902
46267
316
23395
89828
42032
85262
50163
34538
50681
40310
42947
12305
8721
29807
34625
84346
42114
36302
86495
21935
64225
53425
79139
60141
55670
6350
9645
58933
80077
29023
52760
8444
1334
20878
70731
30137
58028
54251
27783
13993
35982
3649
45110
36998
77849
40350
8537
23006
42926
5828
6264
15856
37781
84170
27943
38550
33418
91182
84308
8586
47876
58106
40803
86293
9277
56629
81933
63330
55034
81195
2741
17636
54497
5449
35829
99757
22711
66512
15155
87878
15962
73468
93118
48620
68095
89658
57465
49823
30428
30344
35396
79682
3723
96289
9513
81981
83369
5679
52909
99446
89472
4507
64071
19026
23451
90286
80089
35974
92330
90093
74311
10003
2128
40800
16681
26677
58590
39445
82191
51618
62808
6944
33688
99594
42831
370
6539
85078
10494
89666
46114
20954
28807
12319
89159
19286
18345
87158
85412
21158
77341
19605
23891
91319
78953
92856
93393
65631
4448
95556
81633
61950
83280
62903
63724
36650
93578
28120
21261
82142
39874
53594
92597
38809
39169
76960
9779
14493
98705
95231
38112
39276
33544
23026
99590
81880
74875
59196
10611
14881
47905
63246
81106
29133
9407
95753
62548
56968
35001
48414
76504
42804
86468
69113
54928
49144
47338
96002
93874
53294
10879
62598
68606
15978
33228
1640
24697
4842
35333
36339
74679
8586
15523
92622
35161
96230
48769
45929
66167
2248
71054
53266
68801
83566
293
63195
23791
94060
46270
46942
60834
72241
96044
67025
19984
1049
93197
47457
59296
47413
37508
138
97569
18388
3675
29381
35286
37429
81245
52120
40966
14882
68123
81829
89883
17369
87368
77268
13810
37227
68168
20710
62988
53729
39100
8296
93844
11140
58966
21747
91146
53992
24222
5990
41045
93829
53626
57834
44385
11111
40360
72454
3827
90667
22787
17069
89530
93301
14913
63265
91999
41334
38743
66644
21624
87818
82935
43957
58300
32467
24941
77926
59604
19208
44098
65021
76216
69483
73047
66851
50226
3051
51156
43675
92828
91414
90552
56807
21777
77091
77895
40045
7793
79099
83889
77361
66389
59647
28674
73156
28079
67471
12643
41377
606
8960
53407
31387
20049
76708
41143
68231
7349
41928
11192
5239
93750
29449
53725
35657
4633
2112
42173
99612
41299
196
58721
70542
27356
55951
62234
34076
49473
1330
77047
5240
29475
36974
42076
5006
887
84361
57420
16166
6794
65641
15499
91982
1181
91855
65190
290
38860
57312
34140
46495
88656
68239
39899
85986
54590
11736
23307
78807
24490
80850
53017
62896
10594
31975
92226
5351
26818
9755
31218
44677
66160
51839
17015
75318
42503
8134
60344
30994
74942
22739
14848
39156
26784
45344
48511
65681
61009
10352
12972
93428
1822
11699
18941
80984
8193
32832
41390
42012
97170
270
46551
94968
74449
84793
89474
35935
81117
58007
73818
33007
32014
94540
52817
73368
24561
13413
28692
2110
21428
1050
8890
24341
59687
34514
61334
78451
71789
17833
52830
97405
33101
40454
80416
90305
68848
124
64958
74877
95463
34400
33622
24262
22986
35419
38354
90505
72520
66629
70834
11553
74489
51859
99557
95655
54311
78679
90071
5483
75978
87175
31566
66821
75611
33784
68983
13501
28574
14761
18167
51641
44219
90154
34357
90280
62831
5025
4385
96411
43734
10445
27266
11286
91333
43993
52266
85025
36668
20980
6872
1334
79544
54434
45739
24537
57030
96582
82375
83452
1106
67987
60366
73394
98104
92294
77600
99321
58035
36444
30628
57067
73264
98882
20930
49323
68794
71793
10574
91838
43908
74824
28295
96975
36028
30155
28641
29282
56418
12126
31056
47892
21733
80697
13146
62078
67451
65062
65078
60612
96895
13549
13615
74399
62345
39523
99521
83969
54529
72328
14591
6872
41082
11820
65134
11598
54303
56390
47076
37040
92349
10732
56758
2886
43854
10617
22876
98968
27162
62676
55208
4638
86594
89977
69348
38016
48557
92894
34629
98711
86494
28975
61212
2238
13794
89304
96174
31871
41913
66241
44673
77933
87869
44696
67896
67963
62180
59219
88846
22384
31348
99575
97088
49108
25336
78507
17194
78679
44001
39891
46829
85566
43993
52879
29591
48014
55346
48146
95381
92266
12088
71672
31811
47578
7840
40357
9418
54935
86994
86082
60832
76307
63796
32662
65872
27081
64011
37970
22663
2601
37064
70196
91807
98582
988
91250
31459
98712
81595
63090
6082
88647
46087
1729
78840
87840
21107
20595
20406
91623
5960
23129
36079
17535
94404
92017
38190
50127
44713
88035
78954
57248
41117
67784
40817
33239
91835
80702
20798
34077
20654
60519
47945
67003
25553
51689
26151
70330
29442
13567
15723
8855
97648
59013
91514
48945
72326
4634
51244
53547
23833
9737
54819
67158
82898
21233
90632
18073
95276
49277
26728
36404
43464
64071
73605
95535
28140
6412
33047
40685
25312
292
79969
48334
72776
11300
35165
65185
36198
10365
7100
34645
36559
38076
62438
40846
70445
2516
76442
55749
18218
60085
9668
59070
62274
83109
30765
72124
1512
68690
61763
27349
30236
81474
37401
5672
6660
91280
45833
74444
51814
9797
52242
49248
46722
26925
8577
36806
39144
72376
71050
18251
76916
88159
48916
58472
92565
25867
65960
31945
93091
45006
15949
55636
81170
33561
34907
95924
77015
36906
71025
17728
81873
72126
75036
63307
63469
96658
6915
37461
46233
39170
27285
24172
41068
40885
11301
71477
14568
56184
71092
58407
3757
40753
48941
96657
9356
124
87746
20040
11526
29427
21663
40930
95845
70496
22899
85511
65183
77039
50917
70354
35036
14918
45157
84098
60350
64306
21437
81527
6165
83850
64657
7359
75039
62235
76442
67847
77567
61842
49859
6206
2237
84926
62444
67487
65275
49813
4593
18141
9465
38320
52751
50753
44547
22234
55607
44396
17937
80935
25079
17812
19774
45186
80421
14627
45018
28165
17461
28408
4957
41341
60965
5085
55028
6309
95362
68919
83276
17043
66158
96409
75481
35359
81062
29382
89622
65291
87716
61775
55825
89390
21258
48243
9787
25336
41497
72677
68795
30771
78829
10980
9094
40062
69347
1390
17995
22934
49399
17574
93495
57692
95454
15435
57305
47266
58247
8872
87509
42426
78880
33538
27245
82101
68177
38874
64531
69602
54146
89114
37242
19193
57106
84472
58071
64639
80821
96257
8375
37185
85444
12015
99341
93119
70121
31692
21326
75831
60638
66811
95725
37391
24916
100
76969
25748
28602
79790
52592
58391
64581
53457
52526
29574
38939
62258
65598
88500
94073
84154
64800
58952
48883
58970
34908
98590
55046
5154
28625
47485
66465
54830
5559
80720
45812
82071
70111
70015
45923
95789
8541
33995
89949
49814
27066
39026
3421
97909
96959
97351
3099
15191
52022
1174
42289
84063
34364
41601
22855
80505
99280
85393
88374
89503
3252
71762
21945
22223
44645
65254
31614
76805
79182
6969
3466
12417
14519
59604
98755
77183
30126
70485
15029
63579
22693
79697
42861
58809
79982
73465
3020
24359
96343
54640
57198
20283
47056
16437
77311
65238
51410
5711
99372
8901
61269
42450
52316
82663
8835
44385
91662
21043
24707
81233
57768
37283
41367
25738
73400
1595
43597
18908
45628
98624
14799
2312
99268
49934
68391
15786
61561
88665
78143
55779
17343
95128
58167
45338
19693
10746
98320
1948
64567
72147
22245
67730
64475
3619
67326
2365
30708
16197
63596
13734
42196
98100
64032
24823
4388
60432
39675
14749
81334
85252
25082
32754
10930
56859
7294
20393
27078
47007
68094
61635
54249
92159
14933
11575
79679
89217
59604
19451
76375
31794
27507
57073
46932
91616
26119
60574
85518
84741
4497
56934
78312
78276
48633
73117
50545
6839
15158
3043
57072
50551
32509
88700
37106
8011
21227
48620
81100
66473
5644
97237
4903
7585
73455
62936
7649
8847
81156
49404
81431
8585
27767
2039
36886
97087
36204
21529
85653
3347
2706
87092
47482
66414
38401
40916
72015
50111
21765
33635
13866
97865
45161
62670
49805
60628
46055
78770
43297
17989
36038
24214
72808
62103
59621
27716
11827
36476
42926
57546
10925
57372
5490
28038
44048
97957
48
35645
67764
3243
1654
18513
36434
75954
69296
98668
9955
59714
66280
78568
93402
87033
74408
6665
28710
43670
81562
94638
39590
45880
6914
18326
38921
50556
2985
87662
83830
39441
98827
38958
57137
84603
93264
15513
68769
12583
38589
66247
41552
82797
82492
20114
88966
49600
20042
8890
50620
11950
24486
90952
79610
20710
67484
37733
46212
52180
84536
70566
56036
43517
17146
56584
47276
32777
58119
15487
74559
62360
65946
30748
67477
89171
29235
29308
20922
66406
36192
90712
22720
8731
15665
61133
11292
90546
35071
58261
80271
85143
80811
12273
57818
96237
75721
31707
46387
60715
81084
91056
70385
57504
42607
83673
56729
57607
46132
66698
40956
49816
54930
12103
9811
50330
40065
75896
45520
64734
21250
78899
16840
38115
3695
1576
86897
89149
703
40959
60383
46257
77001
21537
39122
31556
7148
68010
5483
61150
10065
15233
51619
97335
18257
67010
1231
80393
22339
48142
29792
98205
29046
39632
62043
40820
17722
8059
98986
59352
61687
45738
5641
66122
87253
15340
25960
81410
4390
32387
1941
69143
9435
77816
92782
32614
85983
89173
26963
9854
10169
91014
97808
82405
17300
84757
24603
76318
51754
88880
61015
67362
63470
45094
93818
56180
2118
10540
70199
58426
80149
1071
4448
81364
61186
38858
58523
60654
22940
84970
44516
56117
31244
53634
29205
57751
97884
83440
91414
24488
40267
7738
27710
82998
74600
38730
254
14593
96901
79221
95263
1245
84238
49798
27447
18948
61390
30704
13065
36562
49428
97087
34867
16287
19864
30159
77188
26743
43851
71689
2787
70671
23054
41604
2106
56440
81770
47639
18452
79371
69016
22494
46742
27998
27110
96907
44977
14150
61730
90147
67103
99864
39947
80080
8865
31958
76131
31166
38855
879
94803
84981
63014
1971
24367
94020
6612
84502
71337
53129
63856
61716
18976
27429
52602
38181
46264
83325
15946
6475
2820
49029
59441
37179
13206
23872
48543
98401
58100
10557
92045
59966
18893
31088
22850
7294
52363
7
89225
14929
43540
9287
84697
22639
31411
22800
505
7727
52607
85451
76291
86273
94819
73540
98815
33781
57092
34248
92211
25766
83445
25179
94537
18673
69635
56593
59980
22438
70586
59551
65430
49792
32865
79278
6869
3022
66653
29304
62754
13093
90934
36346
53127
10713
59488
15049
63870
65248
85476
95364
54316
72570
99827
28272
82359
98154
94671
57679
47400
4663
44721
91709
15566
79658
45877
91124
92052
38477
81730
56562
94980
65073
8291
99988
63826
59025
52944
49322
37899
59546
9921
5705
74100
71231
93895
2879
9078
62378
32804
93616
22238
63758
95432
73175
27422
84912
79886
15133
98440
5322
74424
61777
88450
21309
18630
56091
91796
79790
62858
64011
81527
24592
27443
67133
91265
89002
99982
32244
69185
64793
56193
66198
81363
97607
14260
38164
97670
33826
42591
47125
64087
68460
86173
73764
16783
40745
95713
7843
85765
93338
93939
78884
45502
10494
5080
33494
17536
59260
88785
98748
61716
95096
68852
65065
35077
23296
10411
91276
16525
61740
28709
43796
23639
98596
19652
74936
26113
99613
97049
67778
28539
56494
1342
58058
95085
39842
9865
83868
46935
59114
8092
89868
70531
96556
45970
12924
93483
49432
18028
61326
29631
50110
20991
14149
27759
85708
65469
77490
105
88723
53682
13148
95400
47406
24502
10496
31816
66445
32931
7626
48803
91377
15343
35809
36286
11379
10067
92973
38161
94805
33009
83728
72782
14802
76143
46808
13903
26574
14940
3141
53416
31237
39874
3495
62956
94584
30735
2053
12551
34272
42403
1591
59506
19489
90472
83300
22343
61471
49622
96035
4842
12260
90527
80560
2529
44585
54440
95842
28781
62533
52017
10625
65847
28309
84436
36895
51725
23396
99947
16307
81157
30280
99034
87383
77581
50458
71926
88490
5331
21161
24213
69754
66603
38213
79056
47188
52107
45163
9371
53960
40206
27406
6617
57380
58441
15292
7703
59055
1311
73177
58053
82026
11360
64618
18970
96638
20277
63985
27076
92215
13354
32356
88348
15348
31677
36129
68331
93899
77003
5458
13674
93550
65396
1203
38901
61405
94690
98876
12009
4863
99288
77520
42825
74734
48765
8055
35105
63531
20360
12146
36722
11277
29846
12928
69713
52994
55741
37941
71098
26795
89024
80953
79271
63590
85981
5404
83775
79792
88168
32227
3615
85954
28266
70039
29994
33833
30300
93786
89559
53848
12795
20740
5047
63597
49542
19976
13954
27642
85496
420
51037
14578
44918
12545
35356
64422
56852
48719
77277
69749
20169
73098
5623
57548
56589
35066
8442
69739
16964
77837
41754
72974
48260
96715
54411
17803
93481
50471
87375
639
92637
56070
7150
35217
67396
61125
78202
96691
62323
38976
47566
72460
64514
64075
50954
43000
42155
84504
37119
473
85097
9206
81392
19423
37779
26605
304
45431
17042
53888
95105
6929
92975
74907
48819
34512
9202
83104
52077
90087
52526
80894
82308
87551
5301
36799
50413
83699
89705
80355
75275
46199
39518
8890
9083
67824
76687
52168
20814
74332
70337
94909
64537
72867
75156
20470
53514
63996
29891
74738
70170
9062
14468
49809
46951
88306
51159
43407
50421
85829
2854
36202
38073
68691
77053
24282
81475
47234
33792
75771
70517
16161
23493
20284
53136
92059
99926
55862
52202
2869
81377
47619
16675
39594
40750
45809
2930
88984
56278
22459
80860
79251
35570
4225
34676
64238
6139
14837
63308
39255
1508
35339
53499
64439
44879
76153
10426
19083
19381
34251
90712
34407
77266
63457
23157
40474
37011
29823
51297
40060
2765
85822
28304
21344
33706
986
38586
67942
96722
21008
39687
54412
64918
30235
51890
85406
80373
22324
65354
54137
34593
89470
91847
50431
38868
68032
67785
78948
33927
21590
72934
20091
49377
47026
55941
80199
9346
49873
52922
92413
92563
50967
35442
72659
35115
94806
97476
66461
22884
49399
98944
69167
62798
10033
34825
26389
66323
69235
63693
67457
20000
46129
87261
40499
94675
82090
3665
88726
31782
6451
936
81515
31536
55498
43706
40302
92770
57820
89442
65893
89986
30222
85297
73461
10339
51397
29391
75117
40584
92199
34668
16177
25903
7548
86955
61356
28431
90289
1929
84780
90130
84847
45170
96756
78698
73971
80984
95097
69312
52704
4330
11866
95096
69172
38542
79742
82256
65816
85257
9891
47737
12366
95579
74277
11589
45473
45387
93494
48429
58410
89376
5176
31244
15569
93882
35459
33256
97855
25293
37859
18358
3852
75436
15444
3510
81949
19052
43406
22420
68740
67524
80389
45832
88662
84009
34220
23138
45874
59727
46320
88914
52551
16801
40340
74844
17744
98400
65079
68870
97580
78146
94805
64746
25364
12460
1091
85993
47527
26044
19603
31156
77878
36417
83816
76209
7882
35272
75537
87811
40710
37131
46431
35941
46273
43515
19755
35766
5649
80108
93800
44827
91529
90993
59789
92487
28445
84555
80298
25310
46013
76523
16272
22861
2520
57211
38601
74513
57958
68515
27036
97991
31249
92273
76684
14465
82415
53493
67768
9698
77311
14565
42107
30126
78938
73719
53302
5448
74097
71994
92964
88747
40861
43980
45849
58523
65402
5892
29996
86450
34592
52905
51246
76471
9968
62656
29490
742
47108
56874
87237
3833
80330
93816
22121
57959
63198
83278
46593
50098
44105
79528
99272
49324
40447
71475
71149
98821
65614
90909
15276
90921
82027
48160
47954
6245
29671
29707
98096
54614
50822
57884
23303
2470
81124
60025
73424
25546
60953
53326
4329
46157
77284
13613
38448
30848
68491
47948
82770
52739
72250
3376
23087
49168
60595
91338
314
10943
33090
10798
11185
73255
61951
52374
413
74923
1346
91355
77306
71151
73890
85224
75052
53425
64124
92500
2244
11656
8060
47471
49746
17110
5275
5041
58065
58051
99744
73859
76000
8138
40287
72323
83419
97093
22704
73920
10437
93346
48607
16068
87927
32118
21377
30431
68317
99990
81684
2469
27345
29478
62599
94577
37015
46546
99211
99545
16828
86423
26986
13401
60516
64232
17430
77531
38216
65425
48197
79952
95160
43738
53669
89467
92393
33966
17367
23910
69826
30402
43774
610
31507
99338
42570
5646
6875
78691
9133
39179
1868
64709
72065
48147
44353
26583
94832
95511
7210
37995
44100
74569
36588
87865
67246
68801
71830
67465
30521
8697
93046
18167
84945
6220
21085
82407
5980
4454
29790
84882
66914
3994
65307
40661
30754
13109
29855
8583
37109
34130
63830
8266
2339
27106
91820
15698
34580
24518
76356
76834
9491
36900
91631
41702
96157
89367
19448
61443
37769
82303
67288
81941
96294
81072
70772
20378
76648
79787
60093
14817
35988
40099
42099
50438
43008
41853
60310
66306
53201
91372
81734
56460
81741
61247
82159
80765
33730
4479
71470
72718
57031
21151
7349
18800
24665
32897
9910
81690
57887
57590
48944
24007
88538
54134
86305
5640
64737
76523
86696
57065
83203
63475
66734
91240
44111
47742
37679
59287
24590
42637
64108
95911
69111
61577
87439
19263
58417
36030
10505
91989
76406
54767
62633
13992
57046
25299
1126
46921
5476
29830
16384
32322
97116
55638
8615
72344
60262
1168
75610
53326
10403
73108
72181
3506
34045
83847
5885
99567
3918
28110
53708
78550
94973
78454
29345
69690
6675
91016
88387
32644
38902
19956
30299
93340
52719
49553
60899
56467
69606
21052
53514
84775
22760
77950
17928
14607
29294
52716
22456
82876
46138
60930
84145
62761
13568
3065
18815
18160
26727
7361
75956
26060
74290
94472
68982
29089
88367
66280
42753
65618
957
93102
75864
46209
31294
57474
86322
3418
62294
72922
73571
31220
15733
2425
71797
46225
53344
76912
87640
9953
14812
99649
16861
27876
35911
38543
18666
49439
24737
99739
27572
10155
16556
39851
50777
35593
65060
26975
13153
26471
66146
46152
21269
79130
38619
77259
42196
33855
12613
78237
28879
67357
91465
15015
9576
13287
1578
69676
72677
75411
22278
41595
64208
95731
98736
77073
90995
83830
9894
38300
46262
5852
91670
78589
65211
58782
90017
86830
81954
58461
56350
13253
8024
4764
16715
54707
4253
80087
30602
10629
40281
53352
1418
50366
27009
6669
83160
24705
36742
50036
20550
94641
18339
55823
20709
35019
86776
7909
90058
64321
34221
53122
44188
14171
28236
43961
32126
84055
53477
81268
7020
95834
95018
95741
51587
35446
39300
81308
48028
29175
55066
89930
54512
42897
22661
8725
38471
9506
53072
97761
90628
33299
26053
56635
66249
24601
28184
16812
23478
73256
23142
22907
81824
54517
44258
33472
64672
17128
97017
36166
3361
61526
90443
66115
29919
14170
48196
1528
58511
80175
24914
69325
6874
67597
49312
52183
56406
72836
7780
40962
30875
86218
52917
73960
33975
63222
81329
48827
83461
33360
95639
45417
84209
52480
72382
40367
30229
65425
71403
21369
69653
19938
27090
9462
83774
25947
67901
95666
84705
9358
3680
65116
87181
2430
62193
4474
32162
9534
4905
82879
6742
58488
56298
97314
62320
58457
41344
54516
7681
31952
59720
87294
41797
11532
74507
58184
19863
5477
68562
63635
46228
67815
41562
93053
23702
71183
89237
30161
724
37119
95441
95853
57534
18596
33531
13730
188
75227
83330
39352
33869
46506
97384
68707
5176
10654
52173
45524
73549
29965
52557
74328
65393
12787
98414
96577
86113
64356
1349
86401
26123
87065
36665
15594
35825
58852
95113
7861
56213
75132
26540
25882
69404
23761
76847
22418
55651
1555
34260
90081
46075
61859
42064
51828
46221
97026
66844
93624
82337
68334
72170
20499
8294
72588
2730
93149
69692
80939
94944
13748
49510
69270
48439
79475
36519
65963
35132
69390
72598
98464
7930
50837
62767
51785
55098
13499
82635
16877
47732
61737
38635
83289
88731
27418
47997
11579
99807
73772
69300
41415
19175
94398
74400
5045
53866
58201
25056
4700
821
83031
22228
49703
50814
33707
8698
6145
74533
51142
25621
48016
95789
95269
51724
90658
71082
71987
2090
72304
32383
7702
36703
66076
5443
37013
65329
9158
7300
33738
75704
86913
86770
77682
83240
15197
13014
50853
23259
90376
39995
70055
72479
56914
48036
27147
96845
73694
35547
87160
92391
52420
47465
29568
81532
15005
269
71436
74742
59537
67714
41774
48907
99995
18996
76744
93384
834
94908
62414
46937
94940
67666
79277
39516
39965
90474
78067
76886
95327
84322
27979
92275
86177
40297
73499
29971
13523
33217
12851
85950
48570
958
60438
59472
42862
54968
55740
73083
7118
10570
32020
52645
22032
21317
89550
89076
70535
33810
53123
61143
92572
50072
98872
84845
9034
16233
5477
43229
95634
8964
11486
68163
57665
96319
71529
56531
74477
8582
11109
18669
10639
74304
57220
36356
85157
32806
39433
15076
68257
27481
20691
20167
48112
70747
6595
63020
81501
57599
41706
4917
25685
23116
18245
155
31491
51724
54773
90508
14006
81306
90697
83233
53194
1920
68133
70166
99794
40901
55672
50053
89782
60703
95362
84741
28817
95518
16356
76251
78775
2821
91958
26662
92859
40692
84860
26657
95036
45510
19179
1817
21597
80932
3453
66182
13916
24732
61288
74540
57568
18904
26880
77435
69911
35568
66592
67526
46458
21339
54944
37995
79866
5010
49156
82671
7656
31747
37602
39723
89166
21305
57576
72254
58834
46467
9461
5662
71527
92209
9302
88214
78391
63047
90638
89086
21070
50016
21980
32263
45594
6617
72034
64414
64904
4171
14775
37310
15244
1771
76479
11047
92892
18805
91990
50598
23110
45487
29339
64354
87271
65728
59681
19516
80165
81420
55021
85836
25630
41195
59887
25376
29127
86019
10252
31116
97697
15389
96309
27260
99017
36407
28999
63988
72776
94322
99917
4830
44600
14312
37547
76092
30284
94650
67835
41211
70883
69824
38017
47427
35797
59812
54147
59825
97849
82735
40243
82081
38509
43574
70010
43545
22347
49876
10080
54044
45234
79431
68907
31653
64972
26180
79410
32341
32999
71234
97325
96428
57773
69866
75320
55311
40944
5944
55834
84051
36433
1600
379
47122
84157
6251
25996
48256
60748
46429
47943
29461
98038
44206
71877
19554
69641
82704
5336
24172
37368
70705
86891
98207
40364
66636
57599
17254
34235
96782
7974
73829
49298
67369
62887
10421
27051
76765
48388
28687
32384
85282
4236
90627
10495
77088
67382
82528
76316
83450
7931
65512
44943
41381
93593
38407
56440
45648
84604
28289
38731
29588
20453
70234
69513
55610
42738
69625
91403
77387
40957
99428
40906
74728
56718
30860
23794
24226
40164
82289
72541
69720
74263
20537
59865
21876
68399
3294
78281
3523
62488
68943
33567
83828
95621
18925
91460
30011
54758
25136
11197
75339
29225
59615
43471
78219
5518
36681
77575
47099
61186
6339
17321
18383
55529
59645
42871
18146
66054
37554
42493
36293
84291
26541
64552
48890
59199
21782
64160
4446
33149
42152
13263
83421
11269
90213
58509
58376
21798
6260
65515
45551
40815
87907
53538
60340
37603
99795
32862
71093
23147
39095
48389
89588
79466
8085
80321
95282
57581
7743
73991
98828
33212
35592
78850
28158
21433
81866
70119
32249
40311
94688
7593
12558
28933
7175
81935
74499
69280
61446
14714
5418
65084
71012
96482
57358
85056
49366
87252
5897
59439
40540
4959
28224
658
58505
50910
61007
5647
87945
43477
85356
34515
23885
38575
89584
4028
56015
27064
72143
97833
902
27634
10360
76104
30791
26048
99276
5835
35719
26297
89514
75368
9112
83221
94867
53704
32705
2696
28236
80496
21136
63140
59888
31777
45490
12368
47772
44675
69375
64549
63740
73096
73389
55906
18016
79689
18675
82858
42821
27794
86898
83374
80386
49964
57272
97871
3400
86261
44044
65508
47191
83432
90468
63504
4582
97683
56573
63462
98235
46256
53062
75151
99347
6293
41501
56610
79402
23612
81607
86596
30062
6339
30819
97019
6134
90169
94274
26498
88284
24994
37047
60891
949
18811
85993
93255
88477
92634
23960
12506
79053
48936
78138
38474
92906
34296
18488
83168
56027
54078
26442
15716
58333
8950
89088
29832
47952
70512
61618
40415
84955
4813
21631
55877
54032
57214
80091
57399
49495
97022
63130
68760
27049
82764
37369
37422
39073
54515
59814
16051
89362
33044
66261
4820
1324
51706
5107
52816
88099
19680
40981
17520
4653
84128
29141
52791
53047
6270
83265
89340
57033
29057
37620
24037
61446
16625
26939
36225
67588
89865
34364
35568
72709
35743
90819
89288
62577
40351
51524
59018
52586
16074
43338
54736
38079
83397
58920
37388
68217
35228
20519
61483
54576
89569
17830
30479
66346
52751
34117
84364
11379
46658
63024
26263
68081
52015
89150
14105
8570
25641
48715
26765
32400
69767
10160
31636
89578
74847
90395
24064
86224
77594
29815
90109
24897
15685
72106
83203
40735
84277
38936
12714
45090
41795
11754
9600
41259
38249
67972
31208
15126
41801
77491
36972
40854
88739
29556
58472
72838
54491
3173
25444
96877
78298
64391
65798
69421
11946
74461
55151
13581
16441
34698
7760
93060
27523
72825
37169
6219
40462
34418
65858
52691
79396
47498
44855
69139
48783
64898
13495
54751
86240
24653
69238
4658
17103
40846
38702
26014
59526
15834
21343
4829
29645
98263
63112
42162
70192
12921
91841
32210
18119
34120
4833
64086
4036
70546
43850
42109
97257
35427
44991
27702
36516
31055
82486
3383
66640
35176
29186
79395
46443
22207
19296
82808
38527
62843
73770
37963
23616
31109
75627
45078
4013
88250
54647
87574
66899
82610
87073
61135
64473
35391
30946
25702
82586
12023
38147
48489
7864
33428
60661
11217
17910
12641
62993
82990
75023
61420
50153
31926
9668
94968
46104
55345
64809
13775
51944
14137
77236
54728
62270
82816
55470
31998
1874
3158
52435
83902
54991
85938
14099
6963
22013
18521
50116
20962
48004
24752
61241
49742
2641
69546
26310
50867
20832
80188
81735
69694
55699
50663
91650
65262
39094
71555
87246
60718
49285
95938
67240
131
81804
26304
29483
33849
78149
81815
29805
49640
42510
49528
69418
92447
99813
83055
99965
27436
70594
48782
69657
78772
4100
71293
5586
20501
12539
61665
12025
15711
34376
8237
93030
75099
90282
21510
14546
71325
42465
3921
36026
32582
30071
15877
91483
22941
60887
59970
6079
40420
74118
93838
84580
38312
46674
21899
4967
54217
6780
26216
56242
95718
80663
82920
76475
78593
62508
45733
38825
86961
64723
86493
36223
16996
89254
11783
5690
67935
53318
9410
43007
30977
83771
14867
50889
70017
44133
68111
14381
58981
58342
75514
23381
29855
55170
26061
7625
68401
93878
23890
45274
63669
94685
83685
11532
57013
25435
46683
38775
95321
39843
59345
14787
64267
12722
1489
44791
28100
42671
2995
60129
80542
13015
27917
99429
83451
69281
17590
65858
65426
62018
15245
41702
91870
70681
57291
25429
91354
81495
41791
15713
69382
63678
29672
19680
20686
89497
4525
83977
34656
54693
91823
66918
93504
92427
16444
19066
91348
91987
545
18457
376
51166
99253
35338
62996
59165
44748
10538
34480
13635
31656
28037
11872
28546
24543
16175
46299
52432
75870
72334
53798
81945
42986
44873
54730
23660
8257
17416
61730
52225
6034
39627
13230
66023
31621
53208
99656
36576
20249
7384
50685
68726
87107
30026
49393
78693
44401
18343
43218
65554
65490
12726
7515
59396
48548
85737
38177
22950
56506
18005
4931
34066
67842
96199
30599
54704
17219
62305
57950
99586
72194
69861
30600
74180
92971
7765
20129
12632
383
9554
35276
58556
32819
55967
28539
47706
20205
3725
31287
87678
59520
52275
48172
36835
93669
3190
28750
72268
48601
72724
46742
16332
36437
11995
29835
28362
59773
35065
13536
12132
33252
91586
44562
50641
3777
77374
64281
18770
48547
14527
33644
80464
45434
56692
21420
26587
96980
1062
34585
11514
34999
32377
77597
63745
10239
31929
36503
17614
69563
57091
17168
33281
62422
88281
81793
97304
75779
63013
97059
96522
19283
65744
2784
77422
77026
36737
45005
82318
13638
37767
33812
91848
70243
25978
42615
92763
30692
59591
16820
82538
75597
42547
16720
31012
63283
45879
80860
71771
78945
37975
39052
78925
22103
77983
11877
29366
93347
66276
17748
93397
7789
94814
69855
62064
80304
62556
94152
85892
8893
99790
1566
33842
83239
60072
47124
37695
47622
29226
27884
60531
89706
8710
13893
88112
85252
19590
95400
7359
85373
28457
10957
53254
40449
78683
66027
52551
14229
86444
10890
61306
65134
93218
25449
30772
45932
89422
25561
95027
33341
14851
54224
66082
20587
8253
58708
94658
81400
98764
43106
96757
50365
38066
50831
20603
46896
11716
22852
37697
97916
25214
8077
28385
4357
74895
11658
55164
19825
12134
11352
22835
65563
71271
48037
72051
79629
38374
12882
44123
54757
98701
76451
67408
93094
64046
9615
28
64381
61478
46416
57122
90077
77790
49780
43747
46989
38735
51021
27451
74961
75160
91393
21214
48022
80636
56873
73374
70928
33129
75025
57615
33611
84059
7662
39752
86124
4823
85961
63577
86938
83996
41199
96554
32986
92253
4967
26900
10233
94920
72389
18066
24078
9587
80485
54589
5789
85655
45064
67196
96941
75234
53798
19713
25059
12590
69726
78763
75524
42234
149
6700
21913
49566
24566
62701
59534
82872
4138
45623
56308
47756
23031
70719
74716
83749
53611
91513
75950
85358
75380
34526
11085
13874
96720
42029
91565
97749
28353
53350
44496
59075
9633
98538
49347
65534
91044
10367
34574
19591
14181
43885
28276
80662
94298
14350
6272
20569
1947
28498
87618
57190
61802
92133
4783
12692
64211
91914
26048
65667
26711
62190
37149
63317
77395
4111
93764
70529
445
72147
25135
92636
68810
64691
60084
90264
41151
30706
87790
66599
9635
39242
66208
38938
62288
83380
5086
24802
73898
31664
87880
60230
85139
67387
71710
76207
18711
40891
34849
24189
38773
16996
47995
23947
97812
42610
30103
32259
96303
21359
48554
91101
96227
58889
59668
97701
83559
20865
84815
54959
29189
99983
23496
69726
20650
99984
72846
84826
1106
65645
7719
35943
22051
4765
84300
72484
57908
10688
60010
88413
96646
56691
58808
76248
34838
83948
9034
29409
19973
60141
71123
6441
83887
80844
35370
13491
63978
91737
61055
60531
45244
88216
75874
3367
11728
12132
11824
66611
45323
87707
68672
38884
63163
27213
56971
90916
10772
25555
75184
19436
54848
8439
84658
79464
75733
14907
43716
33543
41959
96036
66452
11661
79354
9249
92250
50950
95808
74509
51873
26328
41364
60274
14806
60116
15128
42937
2037
58625
36804
30955
16782
12141
28947
96498
4078
23744
1508
42273
93556
42680
67517
90643
68335
17083
5817
76775
14991
90436
30703
55724
16539
20708
57415
26914
61715
63905
12636
97604
41653
85353
44700
76941
22427
82330
35302
51277
42676
37449
74251
16637
11990
70354
22140
91832
24872
87104
19182
99255
86179
50630
78670
32588
1447
98395
79809
85576
7250
73662
77787
66321
96375
42651
9063
23164
37937
85160
50656
58260
30195
15016
4406
95884
35165
79098
34429
8773
10402
88565
58667
19735
59607
29552
97486
88978
4938
42362
75997
12571
1129
16046
1914
67510
94153
65387
82746
50430
47964
127
41672
12637
20177
9435
71740
72088
32496
796
21656
36107
3181
9223
87657
97307
2389
32954
60789
94665
70970
80632
8962
67209
31205
88851
83420
5399
59978
42211
50643
85960
93444
76883
76820
44683
6040
56241
59481
27727
27613
10869
13816
29457
76559
11708
8497
1343
89961
52323
35834
23680
5158
78990
86540
94666
65707
86521
85052
75806
84552
79384
33505
27964
45961
80467
3237
45893
62200
58475
43819
15736
29356
57332
98722
55410
71557
768
96818
29727
57672
62864
70843
35090
83486
80876
12904
95425
6752
86883
16178
79831
65162
75626
97112
96751
8012
75630
71280
53986
6645
95968
84147
85183
75710
18920
65575
20754
70903
52063
50358
95347
10059
39455
42827
67762
13113
23294
47875
2442
2473
32802
18901
14691
66688
6787
69332
47360
57328
60364
15412
96182
61026
12379
78296
96360
77146
70782
4433
94860
83002
84241
99295
84695
84782
72066
46564
24281
27205
75381
22055
13165
4548
69095
53449
93386
55786
5413
73445
11583
85775
13376
56684
60670
46203
32928
16099
4877
92757
19710
1848
30213
50000
54021
17167
56266
28978
35237
53792
18524
70345
61948
24794
52619
31091
59585
76491
28441
37189
4068
95090
66316
96286
27572
62536
88813
51698
65933
20956
64108
60972
13906
87828
7439
74957
4522
32650
40268
21712
50876
4974
27293
38470
97656
70907
46665
19566
36685
78528
29024
79795
28236
13513
64455
28323
5422
78020
95619
12168
22010
5366
63244
52426
37228
25749
7835
7792
70314
34652
5240
98169
57281
31911
39203
51996
11042
20931
99688
92854
30209
29828
92854
99959
72799
85583
5666
94723
73823
76824
18110
29432
51738
23994
2791
26077
99835
65570
65080
83429
55190
14417
47528
5763
46111
14264
74730
11694
95740
42638
74653
61161
41859
54119
65881
77627
62418
45867
56074
24704
51219
48262
20116
27551
54691
48464
30474
11539
94691
83850
91784
2802
48877
62584
90373
4610
29790
85899
75151
93985
92107
812
12524
84985
50176
26466
22574
45289
73723
36508
71364
52750
85815
25917
35510
91625
28874
18229
28903
81209
85425
44767
90663
47545
23462
86897
56385
78204
89054
12810
65062
79998
57417
21459
25252
26554
25651
71539
43363
56153
89166
67782
49748
45871
64760
41171
1443
30665
59795
79149
94960
96632
80440
39932
71378
59355
65721
80244
53789
10899
70951
57029
89272
79239
97449
75224
85450
44378
24986
81961
95617
20456
47841
57842
29166
78087
27418
64614
58125
57540
19773
2779
354
41975
10588
18775
40813
5074
57438
35414
68097
30513
58836
34773
66469
98409
76862
51464
76304
37164
52224
61281
68937
35641
30604
70556
74467
62346
45817
16916
56779
49170
30406
78515
49905
22803
40816
19094
57898
76220
82504
49664
5546
36719
29300
21593
75717
29846
66250
65206
84937
20021
18687
79421
79581
57089
74566
42306
40785
80486
90114
10688
88337
91357
5286
88218
77980
60486
99762
9987
96754
87808
53575
623
95726
38879
64857
403
80786
38583
88065
99070
88930
48229
23441
32308
5546
46930
55540
18439
50261
2476
64278
30187
97271
6850
95704
5262
99956
58306
54289
86093
92317
81571
93398
6676
69797
74234
91780
73715
14024
93094
86374
16372
53769
69730
70994
78793
47878
70644
90741
26539
81234
70582
24871
34725
48654
97963
27958
89434
54887
53769
92809
9809
68242
38367
35705
70304
93750
10925
30701
1407
63448
80480
97093
6467
69045
61886
89150
73326
57511
26607
44709
52827
81709
26389
57130
4107
84561
91511
66487
37180
92994
84703
35808
51695
898
99118
58694
79372
17967
62394
79979
39809
67910
16923
88950
55756
91591
27113
22160
48361
1105
84224
64384
31368
30262
49715
90775
44161
70179
84126
34715
45195
12012
72462
82916
65682
70690
63244
27167
11654
65522
40268
48758
65212
67231
89840
67297
96633
86571
229
77501
14838
5194
10601
88493
96345
58990
59221
64532
74716
49446
94725
4241
97263
51725
47655
56538
35135
13929
3989
6841
17929
15214
52681
2756
40208
95683
19858
77448
86037
85135
28695
36007
53728
60128
64887
18317
99299
88903
437
24057
46630
29798
24872
18008
70723
22077
28659
90198
97284
80201
79772
49418
95562
42535
58985
64754
33575
95280
17943
87090
20597
38982
21566
60689
74855
49163
86486
83658
59386
60492
76090
1033
7429
41902
68216
15023
78659
80732
64030
10151
5149
32660
9224
58048
57453
63496
68717
21333
26943
63145
98219
29715
80860
74103
72085
75946
37606
31340
9953
54988
90331
60503
46617
96553
63888
95941
79244
13147
81636
44341
24087
32197
45074
62333
30699
37232
17900
9238
7578
52226
69187
68414
8761
92693
45063
41162
94460
8019
8204
93981
19764
61338
53568
27397
83289
60839
