19807
16272
77994
86108
20730
68584
77471
18920
52978
94225
69442
8960
59969
41712
66732
21295
68297
40219
14450
28075
36623
76934
26919
89411
31125
74618
58894
19271
46462
80103
95019
57930
41727
72239
39507
6826
10729
53456
6174
28152
15818
60571
17664
39665
79905
2526
80679
96057
96138
62826
93191
6686
92505
72725
76820
28405
19098
35631
16734
52789
60358
62989
18465
81642
1799
40833
40775
53970
30020
72713
27228
62997
69508
28504
24029
82893
88230
97243
89419
85183
82607
82267
47823
41980
96126
90885
66605
47899
67172
12085
37432
563
97098
42451
53450
87470
70773
36987
60560
49840
88581
39187
54149
95698
56466
50058
7972
17574
44248
68287
30329
17028
32661
59921
92907
83071
62635
52133
6745
82113
26864
88521
44137
13204
93866
8969
7965
37892
69022
49106
72703
31426
58036
14237
17404
52468
34434
19248
28429
85217
90968
21334
13406
57789
32816
35812
8599
61848
72489
57969
98689
63443
3702
74456
8713
88421
26357
42791
95713
99627
20252
755
76589
16235
92477
46072
94828
43236
97889
90491
36916
18999
46267
41602
74122
47128
87862
98568
29001
25397
55434
20904
91839
64487
92349
63044
2898
30106
97111
70719
23118
1489
75220
38720
1849
15799
16971
24875
13607
14842
51994
50144
40360
93385
84729
60006
50086
45239
13444
41408
80181
7352
68915
18249
17880
1482
43469
68760
29655
67673
99962
24368
96840
18875
22692
47706
35291
76708
81688
13173
96838
51828
80535
82626
86761
35473
11588
55450
83421
85009
6567
74992
3969
48975
85311
24237
5972
14355
56689
85854
8098
42904
56636
94749
72101
53161
89457
79855
89857
39163
49066
41543
11156
2462
83193
60180
3728
21175
28196
47442
85623
52179
90730
96049
44850
10110
10085
46174
27858
19246
82747
91632
88027
99577
55946
32245
52826
67486
86950
27430
76265
48195
69297
29131
13000
39529
10172
30527
79983
88133
86543
44594
27650
74155
96533
35134
20544
11330
82856
92734
7556
80787
42058
52354
77852
3664
39248
21318
27712
44854
83974
50245
18678
22001
72530
97065
10211
64897
2393
74377
19396
31480
46275
19124
76848
23344
42975
33296
71455
88959
84923
34178
2218
20643
41155
43418
12473
94468
60555
79572
40545
75467
4138
48509
96698
37532
65512
52162
40175
13089
4776
45971
31498
55719
18860
2204
7702
25604
29847
96290
60238
28539
47663
3747
74071
5171
13281
88276
74153
7413
66263
42573
80017
76389
99891
56080
55533
53431
34312
94582
13755
95998
51518
9615
7802
77059
41353
62534
71432
77772
48372
49529
97094
28084
56188
26834
4313
98121
97921
65070
75079
16324
93510
49174
42002
4627
12383
9742
85462
13349
28094
46660
47168
71735
14432
27616
83093
91470
3957
14122
49960
78115
65839
98992
70139
98224
45577
23597
68317
36577
54332
63498
17242
27031
38368
7174
6112
34590
24196
59600
63943
19531
62834
61161
74781
81772
2110
72790
30614
98744
87441
67412
35012
60695
44327
15803
34829
42907
6018
32723
23171
62737
32713
89923
6825
13896
59666
10860
69251
7511
80369
84211
25480
73083
27353
98730
58394
32001
82386
51234
7111
35202
74986
30473
5795
57024
51029
97926
88780
36991
72949
41848
3759
12130
25883
92261
24876
31029
62778
74099
48955
59995
92156
74037
94750
38708
41122
29492
88346
38022
47693
76875
11772
31983
30863
29455
61377
73424
97397
55026
9659
55557
1675
47913
66786
54267
7585
41479
40849
79738
93089
75624
66879
62207
96818
78032
7554
1944
79673
85839
66993
50676
1311
3422
9499
96820
76182
23980
50987
44039
21312
72261
20323
83243
51422
35715
38659
56317
84953
77574
27571
10081
97963
87176
3515
23870
22630
72748
15027
46181
1558
39605
50102
80796
99185
53872
59474
37730
12627
86468
22762
25671
24444
12331
89390
98199
67704
71335
30387
38950
65270
34077
81362
12951
13510
7302
30063
86681
14733
96999
92611
55107
66757
1822
89938
3999
6992
15489
43182
18762
42389
44042
49288
90142
29063
62896
9271
91459
65717
18626
35874
16283
88119
37747
40182
46601
19559
71271
17650
93392
15309
50566
64221
30854
21157
51497
16180
70190
59886
23510
28578
17971
51940
42256
28136
53725
75285
83788
92992
85093
15254
46674
25602
82043
74527
706
44271
41274
2096
91240
9139
53243
75171
55343
64345
41454
59440
25791
57776
83866
51914
15847
81747
79023
52843
96488
33671
96690
821
3410
66834
80943
38170
11355
81341
24591
63893
12722
99607
60381
38718
34909
28122
77744
3987
11574
35237
22000
684
91713
52665
33217
58175
97091
62279
78115
15712
51769
699
22109
27643
27959
33070
52350
39885
16319
14551
28124
33774
67081
92313
79505
14126
59825
37587
63671
72607
82825
88173
59164
15796
24630
79929
99808
69939
73123
85890
60091
19836
84358
28067
80793
25920
20099
1655
68963
47817
68186
10623
1644
61298
81626
47378
76284
85765
82662
3350
4613
50993
43333
92980
58761
7879
78766
66507
19414
58186
66655
2855
95830
81715
973
33375
80959
15635
84132
81908
83250
11561
1162
85194
14636
83232
85798
26330
89479
63956
60244
7247
83885
37549
70935
15830
15966
40597
27844
12589
8246
20932
94110
32863
83831
75818
69465
99984
6406
46771
8142
53081
29111
13633
28975
2277
98075
85016
38712
34314
64027
65336
66495
41189
37510
73929
80509
56946
35728
81971
52059
65976
60399
7948
74646
89246
1255
67602
56270
37628
16608
23290
10326
53645
90238
46442
97466
60642
81592
18365
79893
47040
19657
44505
18040
89912
25817
69187
70435
89757
70404
19429
81329
59764
78340
43291
76985
57786
89178
18160
43797
72166
53177
7286
96904
63492
37190
85333
94369
30937
94325
97627
74361
21034
15110
36211
3140
61621
98321
23714
60307
20438
68565
3331
70830
80374
82731
29850
43957
50334
52089
88179
56466
69657
60464
6451
99672
20096
98451
62501
59260
46154
25057
64997
31997
37855
3318
76466
12195
31769
12880
74164
71355
77936
2629
55788
50327
59553
67955
18577
17997
77427
14612
3246
90048
87945
93470
3166
52732
54036
58153
2233
27046
49520
34755
65154
63902
93060
48687
2868
97529
82319
17767
10986
17028
25433
38892
82700
94060
14223
60996
74025
8760
96141
3802
98024
2341
14111
38192
35048
53576
2783
60641
60753
47146
8385
64092
95034
61087
27115
11821
30068
22783
5286
61593
56089
41805
73977
18887
81836
90008
31852
11778
45043
97039
30065
82277
1427
24111
99289
43790
33186
82256
14348
73036
19546
26983
67738
47858
48314
60580
6868
74886
96918
80402
93508
80134
15274
7326
67894
24161
98565
62995
15821
17959
85042
55803
8665
58286
51366
77162
86455
59083
87791
56476
46122
58100
28615
26870
34606
77362
36200
94517
45872
97345
11981
92238
33083
85890
72650
57827
20696
35159
34493
83965
38333
96364
18385
14494
47957
3747
89846
19073
68842
69853
54886
93826
31667
33977
33733
18807
49758
42361
39516
14110
5713
76216
46414
74899
11141
71211
13188
89879
25909
99613
47736
54646
13623
15413
49688
84695
23977
42956
70082
49303
84572
17146
64096
56334
75781
32997
5181
65555
10258
62131
47970
31191
95108
55142
33164
14913
37768
33054
65132
1402
85952
79334
38157
84457
25641
81003
16499
64011
35744
9067
73355
94667
40843
80983
96895
13376
78261
36003
89743
32705
50140
51440
19375
50957
38625
18478
31300
56133
59494
78852
97746
53787
99732
82437
71193
64578
21146
37095
39218
29062
9906
21199
11269
10082
52644
56688
33649
74795
73021
22027
40066
46051
97029
59989
67868
48471
77132
11542
35003
3172
43679
72949
24160
6420
6888
47561
68228
25138
81116
75250
62640
26711
89558
82994
52043
87424
7211
22219
11018
22476
66787
55526
56375
899
16426
31278
589
16409
64721
48607
95826
58939
66459
74356
55579
26399
61199
87670
40557
44474
55433
72713
84686
46476
92955
23914
25457
18718
54989
99129
80227
952
19359
77521
21015
96995
84913
1942
86832
78230
39262
98276
74696
55587
77483
99632
74383
80538
33322
57642
88459
26305
77569
39094
24930
46457
59163
3699
95269
349
13817
42708
89505
34902
17968
20065
80062
36563
73809
94404
57936
90481
22556
23728
61251
48581
70584
93577
79273
36031
65400
79176
36577
86636
57607
75111
67786
72986
83098
65947
16253
41719
50401
73233
69411
17068
54165
35231
69297
70729
98985
12425
83573
94330
16724
69567
57863
63316
54538
21633
70231
98074
74401
11350
67907
77638
92991
31093
30053
90909
80921
24146
3091
58959
6884
41963
13430
89381
25283
78017
8936
39030
83018
21606
36156
9179
50240
73214
49185
41697
204
29015
21823
86562
15870
18329
91293
93117
3388
86735
5279
8963
54192
10430
84320
40888
98257
98143
97673
83124
45151
90283
36438
66743
64613
3143
18828
98060
68533
93267
83845
73464
19133
36846
2682
27168
32561
83420
87938
74388
84373
54251
43411
88171
17792
87079
77837
84496
23453
66720
62625
32456
75942
26805
153
63041
31186
22250
13197
26473
80952
67057
54466
94643
30988
10172
77052
8604
72145
6445
47647
13982
54629
93680
85790
19438
90
11133
75523
7582
62808
26179
50251
36013
67021
18159
6328
61155
19086
6864
9244
47601
68072
79217
20651
49585
97703
90532
44365
10826
25182
35150
21720
79526
78205
68652
34925
26750
71012
75448
78269
44600
18447
28371
40625
50762
29863
2087
70458
93866
83823
72140
90578
59290
13158
53585
50259
10558
80693
92401
97810
70807
92851
51048
34425
53867
99028
1290
58952
16373
14208
49687
75726
29512
98915
87090
13342
63975
42328
4589
70651
93658
10205
89712
62868
97280
70361
3237
56068
85946
32836
13294
58023
86467
87521
6935
99677
55450
54160
68616
34290
43720
48187
18290
14004
92598
6229
27006
72007
55463
74646
81505
3990
2503
73578
60283
84469
1785
61228
7500
95108
85603
67513
62798
28168
24576
41306
924
52409
17230
69929
54252
1883
21277
11102
71433
6502
56838
74233
44459
1547
7162
24650
13671
81096
10507
58819
40596
37245
38306
29408
87205
55550
28810
82636
69174
21660
29942
27316
94310
72073
9372
24108
71451
83529
45852
59903
11057
74526
68857
43219
42699
50901
79988
64928
57275
81575
46188
82938
42293
532
64112
44832
52590
66091
2260
78844
20546
67210
31440
34630
94052
62035
32219
96712
30121
64048
52722
27461
83434
19069
46060
81258
10814
36346
77452
51577
584
53933
99412
784
32611
3473
26489
93931
13931
22263
73202
64159
77465
7896
54732
97746
68472
49423
92483
53784
56232
68822
19082
82074
22504
42133
82896
30442
37292
44939
34532
90848
88150
83191
54946
51661
42413
29501
20378
6339
24668
53225
20212
14452
20680
17612
12022
30493
31039
1651
42066
70611
5143
47324
77707
23050
59321
40690
54863
79160
14993
42406
55466
53925
99421
81780
56800
10977
26622
76010
60286
59480
22023
99146
12352
35810
48180
93918
94160
74403
66992
43591
21024
5296
53681
48679
72127
13179
85084
69390
26105
6068
41134
2527
6253
20434
88315
51970
96889
72728
84378
43277
13548
12948
13709
16019
80182
84180
66120
85113
45888
53887
92518
43382
23863
77923
77848
30618
18699
71485
17964
6479
77921
43942
94469
54788
5375
42813
82363
96459
95833
20666
38416
4151
97108
30697
22148
64586
85030
4954
89343
99404
22536
59848
17556
70277
30580
19659
65049
5962
26124
24889
97889
85514
44039
23336
84246
59285
55533
60500
67603
83704
3379
92782
95058
59341
31852
3187
4189
7945
99757
26779
28768
16855
53381
79874
61868
52904
2021
93421
62560
9041
36188
8939
93295
40481
98550
54064
54417
26081
12587
74176
16607
69303
77283
34877
50765
39402
64893
65249
3887
75521
52896
27008
87979
79481
84932
70734
6204
18305
19199
1879
78453
15573
86387
48576
15700
61388
96582
58961
94464
19188
52835
78033
51342
57438
21282
30965
19060
73895
29508
11925
67588
24655
48539
83802
39654
56951
57066
17669
75702
98349
26513
12048
63365
2448
27531
4290
13638
8070
2695
87046
17403
12410
55488
60525
29316
75262
3509
41059
48879
9807
2962
69082
53480
98594
36527
5561
87811
79015
92840
68271
39900
71624
25820
97662
729
7703
8051
53232
96272
97709
34381
82866
33723
46842
42512
26439
51136
51294
96424
88495
19744
14762
33945
18435
12070
69704
71699
79413
58252
33725
98310
93888
29262
10989
95103
51443
15971
1769
7447
65920
55559
68803
18653
20863
68732
15402
82156
8400
23711
58192
38266
37643
31905
27481
25306
65506
90643
66473
15207
46547
85540
82108
22139
22902
75709
28550
93201
27957
80226
60439
78424
99473
97907
98975
88146
66864
3659
39440
68757
51461
36144
47495
70005
583
3374
43281
83612
12666
89906
86897
93754
5508
10687
86914
79221
1822
9762
17664
18284
94982
85869
65852
78622
94175
15894
60451
3438
22241
37454
46213
99071
27662
35093
60924
23118
33342
72392
41157
77914
36925
32069
36234
63364
59465
51790
87781
61159
11598
42789
94268
90579
19311
65196
46290
18280
72015
17731
65404
97951
82953
48477
50877
98985
39614
18570
46675
74311
7050
55070
82087
20350
16088
68526
9458
15611
19419
21744
21568
44766
10438
50506
56466
10948
81433
24236
19404
9095
67009
38762
92594
69435
97679
90244
41873
9501
25082
15885
23121
37901
81559
21148
43315
47594
96359
5233
3032
35
92413
24829
98412
5141
93288
30197
35337
79713
16472
33530
13291
64705
66021
84738
98229
3628
32052
7269
30231
84562
74372
62390
45044
67677
99427
52892
39085
2155
39036
2140
8585
37860
3248
52537
16931
87007
42636
12023
54997
95925
49932
51134
81042
41478
99372
73623
74330
37992
97111
50613
19693
16690
57730
43564
90827
8514
94470
20398
50678
20722
53538
648
96408
84478
16080
11346
74064
67024
50431
63915
14460
93580
99185
27291
22727
37863
77492
75748
47527
60764
99605
54877
78801
86847
85374
40807
90485
37031
46808
39136
57622
66409
13617
60055
10049
74124
26222
27884
23167
43303
88646
94839
98169
94118
91699
90978
80375
7850
23157
84647
45739
73206
48652
64456
74336
87916
70051
44476
55828
98831
15628
23874
6780
83346
91073
92280
16592
60575
13988
68193
5509
7675
7235
31007
86296
4954
78853
10151
7819
36506
76015
69912
99841
94406
59641
88097
72900
9734
7299
1110
85186
28116
57204
12339
99979
97030
46963
86576
56403
47587
64319
67884
6266
72914
72090
3724
44868
71460
81353
28840
45869
57822
35962
64038
2769
8951
78179
53774
53708
6422
92026
56701
59444
84092
85414
32092
56466
88177
98673
32743
39659
58071
56436
31283
71240
16366
86793
16651
60993
22126
23464
43698
4763
43048
44651
76546
779
81855
17005
41125
32428
94823
34700
22751
79646
12934
59210
14999
95247
16678
43935
45546
52085
83369
98868
36231
56755
80098
72838
58408
47905
27975
75915
61516
59503
25887
62633
88908
19835
99206
22612
56688
56836
91101
99280
40298
96595
1550
25294
40581
51843
36965
2757
8112
32373
84374
60547
67667
69321
932
73537
8119
94637
24103
92547
2269
93564
58745
90164
6201
42665
66891
6402
17062
51535
94041
35355
47433
85397
59032
55557
54334
87375
83237
73653
96838
8660
36772
47018
20129
48484
93794
28101
59163
82737
22552
57944
33183
8704
77887
95464
35539
16940
88496
96305
46986
93881
23152
52986
63816
81572
92814
82316
19951
83171
254
31251
41954
89275
74247
54375
16139
69406
73504
85137
45514
4293
87234
74455
19114
36344
30279
25369
26493
77896
48124
23388
65247
64297
82979
21496
82941
91912
9004
78691
36922
42171
95240
52287
89644
84674
22981
49547
62518
47732
96659
30067
11741
56851
63147
37252
71509
39479
68135
29411
7605
80269
59089
82342
57852
66877
67800
83256
63388
68695
35419
95487
65216
14595
2192
93696
61291
16291
7527
86507
86992
79922
99656
43042
72006
81000
85692
76529
61585
96726
11068
99335
7115
41326
59605
44740
48904
37623
11071
65492
50509
74600
17918
26462
53417
37881
59561
55082
12027
14250
84176
21970
64160
93936
83654
99264
34279
59426
78146
10571
64119
20114
54183
19439
13544
76560
27154
22038
33453
31579
38472
50117
96831
91295
19777
61108
84986
44928
89108
15651
24406
31572
51307
29109
67149
96719
19662
5263
83065
19069
93172
8346
96854
19250
48832
46271
23083
82667
40648
20415
73299
26694
27903
80599
59601
70892
72233
75996
83207
95644
67720
17785
10235
25097
89785
7861
3459
58242
82536
21524
84992
45322
38819
22912
90879
11486
26863
73608
80824
11503
15072
72290
63174
23597
17718
90565
84217
33719
35313
42203
51714
52092
40432
34440
58405
85860
68711
92893
17617
9324
24561
24534
71981
72923
40951
84936
31578
35858
50127
68507
25322
93699
76537
77788
71886
41092
20769
91442
15564
73068
31863
48938
18493
79939
60566
24631
36001
17039
24275
77538
94497
76554
64472
52722
28354
85378
678
75011
45039
16831
42081
34851
37902
60339
97451
19909
28928
49748
67121
44038
66189
11968
43271
47431
69461
79919
56679
3986
90723
38432
61237
49139
97396
67303
23294
70326
64713
93020
92851
4395
41151
98164
32008
21623
38972
4523
98893
37415
16459
51492
62535
9436
50354
65646
63076
7203
3879
14087
62920
55679
49358
18696
97609
22997
1982
5219
90350
72719
81428
55545
71841
35932
9670
54940
59915
45106
78437
90707
47210
57936
31347
45113
28130
32406
72932
53312
24658
7190
26785
51630
59933
99852
20344
71059
47228
93441
33769
35499
88502
76095
84782
7844
61323
63736
82338
78543
62268
69161
97201
69753
98441
45672
12802
28621
61783
12144
55915
53570
81667
25093
85978
22797
10198
29528
85724
96558
1961
69270
90296
78415
17308
85053
71130
1141
56201
92229
97988
80859
2121
44292
47527
58962
85958
55302
3614
64235
37602
54562
15211
34705
52176
88386
60981
86295
81529
79813
2889
94098
96246
74359
53029
21387
59551
55886
83598
24671
67512
39749
72431
98401
50252
30995
33138
16570
97491
34151
21880
71391
97758
3806
96407
60349
89976
4076
45649
69898
58973
39786
5103
14562
51179
61807
86248
22450
42281
71194
19699
9364
58404
27565
5708
47725
29092
30351
74404
58885
99684
42532
97466
98921
29593
27363
53790
77434
49497
64318
28255
95793
80947
55834
2587
32101
81473
31171
65427
92126
76320
14616
36201
13790
13951
49832
84388
26503
24277
98865
63022
16596
39816
15456
64914
24300
96675
32728
68260
72401
43645
53291
26118
74644
45100
56674
62042
41276
25043
65391
70216
66961
25231
71838
80983
14419
54545
14606
98526
25229
93953
59265
3153
61323
21340
58590
79319
8983
1678
91332
40719
95440
58437
72185
97676
2526
22357
41306
46655
75063
81582
63065
66311
14473
46776
68360
48664
99458
42609
39126
72639
24521
91757
6231
77684
79193
38041
16209
58435
62146
85312
12701
94705
37269
70758
2124
28718
52341
48706
96070
90675
99820
89024
21290
32641
38025
81700
64034
61511
98977
67711
59998
42342
85788
74991
47455
34795
19112
85527
39122
49305
72323
37994
16865
4086
76027
73728
39492
19986
17393
65196
8766
35378
56553
60566
56417
81404
4487
48299
42258
37004
83772
10820
15934
35664
59935
81229
16653
38783
42505
7567
418
40697
21356
28319
28710
87508
12804
21066
9762
77927
42390
27956
12016
27152
54849
5381
44033
88826
15213
74450
48749
89629
59690
61737
77045
82144
54514
10578
80558
30659
63138
8569
65453
75823
18325
43383
44274
59751
83064
80258
46987
85309
48638
29139
35175
80169
73269
17235
92243
66315
50896
10344
40992
25331
63625
10457
45443
36789
49695
21489
26574
10814
20228
83670
46441
87758
276
28726
28456
18398
45466
93423
55181
40102
66651
10440
12350
53207
31131
84907
35197
73431
79365
65940
21052
40861
43491
67608
97090
99128
62198
88801
86978
86621
75386
60055
26134
40436
4247
50844
78514
32366
30279
11448
11311
28134
22377
56999
33045
38188
30454
12389
87730
72270
86216
37298
23378
23963
74611
755
3490
90265
44945
97911
95984
94569
48195
93001
91510
23718
11863
12946
28096
42767
65685
43978
91035
15228
99923
9637
73323
95483
53110
38177
21171
75228
48495
80317
12344
42730
27014
1508
55138
62030
92980
60151
5417
70039
61596
48932
63457
89719
53152
58750
74630
95425
84516
24960
83542
81771
14512
49633
43255
69380
34054
71657
17824
15772
32435
91279
64874
21175
92249
73431
79899
43148
13717
72567
38351
8273
37752
51093
28957
74783
21816
55663
61735
84419
54669
33707
61245
96894
14273
14467
19347
47506
1310
43450
81344
10747
53922
78561
58415
14291
43038
44829
34233
41169
39939
39837
79324
32227
98863
15229
90614
87674
42035
97479
38359
99305
49155
92633
92602
59469
57893
94719
12099
38698
21503
13892
31121
69535
29341
7144
31386
47651
49521
24980
2729
23093
19665
92628
33629
30104
66683
88573
22197
65066
68133
16177
34197
95204
9268
95422
78148
33030
34342
39554
10633
25555
24906
41156
47415
80777
94838
81582
61079
83393
44423
87882
91894
10276
15964
83573
61685
74291
61713
57914
52335
21426
65587
59018
89198
72097
26543
7815
58737
69536
50608
34769
67404
84420
7517
51679
62912
4922
3462
40470
51849
42583
19668
12836
7368
92599
16137
8006
16378
9526
47918
58814
80350
45264
97754
8925
92226
52756
4049
45732
66866
16325
12085
68343
89283
85669
90443
58295
91367
53894
34220
95988
20821
12315
27327
71110
25841
21859
65984
66174
99753
86798
38313
25139
54159
43141
84651
6412
32446
76183
7494
6296
30813
44637
64501
49877
90759
56335
63824
61023
29741
30582
57368
82187
99106
91996
97576
24135
15919
10564
53652
65398
31365
45061
97236
54896
47794
34173
77214
80440
39629
5923
17377
77019
26796
39969
75345
51868
10138
70016
49462
51401
41557
54906
61630
73809
81661
77667
40088
2439
97267
81465
65049
76083
79822
58293
48144
89740
48672
64882
88332
62355
39734
72268
28416
29009
4688
89168
15300
82050
46747
45662
12109
56660
20195
10735
26265
89021
89857
85800
70562
94078
53492
47369
54087
84789
56028
76779
15735
86495
85045
49441
47192
47171
52522
49653
69731
33875
22488
90657
72001
53641
33852
50162
92567
51807
64465
438
67009
60278
41411
596
25956
67217
66639
89829
70724
3144
60241
82030
51901
38520
12543
47526
19083
19331
73477
88567
62698
1619
19339
31819
93792
43154
49504
83047
78097
98271
71117
10037
47593
97861
15390
54010
25688
56031
65155
14478
64905
6147
89775
41071
70302
95873
76417
7767
63254
8216
41566
57142
25151
25324
57690
90415
43951
52492
60791
19602
59902
74818
19748
90578
96515
84451
68547
47593
55903
76243
96215
20171
3340
97007
88864
25345
86540
64663
46315
26260
64632
54436
5701
64678
42571
51733
78566
41593
46343
22149
16237
52570
86080
2043
8775
86699
88772
40482
9844
55789
56456
46439
35731
58421
84123
29884
49241
78001
56536
95782
55986
47479
131
9381
63619
65443
62157
29164
56642
78441
40386
73613
68269
84337
55715
7777
66383
3919
94648
37302
23604
6274
49415
5660
40030
66557
57112
50721
17449
9856
39553
32754
65508
88920
30768
80144
97313
23208
47778
79593
23062
86339
13019
20813
63771
65319
89041
38636
67910
85118
84613
27148
86130
17199
20565
5561
65161
38823
89599
49797
18365
23889
46687
54401
74453
57637
60811
36629
4955
91831
92361
93797
13154
23170
20577
30154
36411
69260
20514
10316
41555
59974
54534
1294
5791
27508
57518
94924
99580
52676
28846
94774
1986
44579
8081
73142
62987
57798
33744
33992
51385
6377
29577
5715
35234
22109
39095
15668
55957
66064
1064
43805
94988
94623
12707
43003
38939
41596
80804
4459
59644
3468
20778
49206
28435
42078
11315
21602
52506
22207
9293
49631
41067
2063
40504
41126
3495
76682
50992
17495
97544
75666
19728
96863
90878
37950
38339
38978
60583
19725
51862
69263
53513
93151
7169
24871
47222
32474
25737
47035
80038
25107
90844
9844
59448
24854
74060
89915
63822
41979
86920
74505
56688
90585
27199
691
25080
62097
4702
45911
129
66840
3372
1810
53283
55592
48505
79103
44110
80404
68322
44393
3595
46594
1803
46401
81051
29131
84828
8239
14480
70697
22231
57886
38599
67867
22767
62829
84291
89961
51013
3536
34803
71294
96859
48420
91829
82251
71684
41287
48941
60684
45915
12033
81622
38497
31634
50510
40715
11657
77186
93246
99996
49840
16401
98986
26497
98955
41359
37023
15891
25235
75723
40058
60500
36521
56517
90478
77403
70128
45769
36448
7609
80949
54137
98924
78258
11493
33211
12558
66543
98985
66910
39129
81786
24073
34687
11766
6717
48267
57962
80202
69997
45618
29406
7079
30387
53582
96240
77301
87503
63180
42136
66823
77243
54939
11671
68820
26643
60697
13986
10945
34190
29813
83162
76331
23591
95805
61136
73590
50993
30979
36842
912
39914
98361
89389
9885
98386
5935
87198
79622
70736
96590
20682
3407
53092
75979
34026
90352
92429
31544
1689
9001
23759
73712
80683
83152
26799
52932
2751
71084
10600
31825
85575
5823
32669
98083
70185
72996
75972
88019
50175
47680
95904
91902
58385
59751
52936
27502
2205
98149
41776
78301
95600
95980
80182
10482
25854
46102
45906
50167
25822
14077
15471
33196
94683
74019
21844
58387
15243
2720
79943
27726
200
12373
15879
96166
63025
98189
39536
28699
59678
74380
7429
75361
54900
28335
71516
53687
49913
53022
64071
20162
22970
9834
42592
65989
12049
2585
71381
53596
71510
66765
14652
85233
51757
57687
9029
85324
73049
4748
53700
10911
42568
25835
13205
82220
51513
44284
58053
17456
39681
60769
23981
3177
98190
29555
98546
73802
10366
75519
71957
51792
33445
46532
46585
75252
59905
2958
82051
53350
33846
12157
51131
12108
31620
93901
66421
59669
73823
96111
92221
69911
96177
79527
25028
16172
5420
17700
97294
76121
69200
71234
14024
62373
29882
54820
17557
37178
39307
15521
26328
64505
64715
23722
46073
56143
35841
15287
7345
16357
56810
92647
76890
38179
40122
45602
67960
2544
49646
51103
57181
244
43306
30744
90374
94598
51478
53925
77254
48114
97241
30046
92423
93323
20542
71015
8546
5396
24862
99295
26861
83684
57333
20276
57169
51296
97037
73223
19804
58726
80769
16773
90987
66281
83170
27702
45622
96535
93332
40047
1905
11055
37522
9046
6660
6302
89418
28189
4513
8558
35283
33089
38441
36243
16565
49814
22061
80765
21307
16953
28538
64454
51812
88525
8028
37243
45039
96118
42701
39256
95495
88694
57308
68678
14908
14782
27900
64242
35572
2429
46
22939
10438
21459
54236
66137
38260
5660
18305
77800
52768
66960
84870
14484
91177
59278
10209
4858
71191
17244
61964
28536
9388
65419
21668
49507
73899
22235
12874
62784
31466
91316
43094
12670
69684
61109
15544
24672
45727
94148
24062
82510
42085
31421
1689
52172
80699
70274
41537
77610
63451
27350
40149
35394
67169
79517
27313
58831
89997
92906
83934
82169
87327
45402
40503
7702
22107
62034
85287
50323
99640
10156
12334
80773
33237
7826
64716
75821
37638
37095
87588
1594
15132
27517
42962
66704
80610
85791
7067
28610
68416
19570
3736
34984
40067
35415
20786
31175
39615
95518
74429
43758
80532
73715
98681
49993
36036
83330
18796
97600
67228
89738
74352
82926
36490
5902
50905
98271
23750
58357
68618
46630
97897
36940
46267
39290
34473
222
71145
94533
54647
30189
27241
42597
38119
99331
3182
62059
31899
85029
13528
70332
46986
50064
18786
61737
7061
46604
24422
67459
41465
39111
73866
13511
86944
14672
96718
61387
45134
12584
11072
56554
70133
99950
61850
73280
16636
57943
96977
79306
65054
64148
89518
54306
31081
22550
61496
1174
64515
61209
80471
22095
29538
72734
28395
58300
55992
93167
93920
3230
55007
28780
7743
72324
10940
88804
20163
55159
67760
93420
39891
13267
76331
3651
67514
17593
3659
44652
752
24269
49471
15443
57458
46126
51862
53703
49760
64999
99119
39308
23047
71129
77949
5896
88303
38407
46987
78459
69531
93200
60714
36918
7988
89968
8262
51366
79719
51672
50239
2538
90152
2462
10849
55612
94495
35715
43094
22185
23972
77228
32082
24741
61301
63235
66226
58641
76560
94501
91065
52067
29077
36664
92849
22313
59693
3970
39002
1410
98469
34495
23775
23953
34284
22507
58742
27752
80852
26556
5533
1882
44057
87988
31184
41455
38651
68680
2180
68316
12566
11498
96247
40398
57356
9107
65482
9947
79718
92241
40656
94068
15109
95650
30063
85856
50046
73223
88491
59833
73849
87763
10897
47826
57341
34783
96238
64571
67333
79244
78016
87363
35562
75527
2787
6654
45832
98499
56943
23006
83490
64692
83652
55722
57354
87410
92539
16653
71366
56737
20930
40394
54413
83459
85341
80458
84888
94530
61449
62313
94655
69076
68112
4487
98624
26041
73308
20013
85342
10364
51620
51454
24689
67151
73083
50218
42636
98600
25849
41906
80422
92028
82700
54866
19316
5210
62006
55289
62915
42881
10675
1080
86063
96694
10441
46648
98393
70235
86566
51397
18084
65268
30646
3168
99511
95704
67098
75250
60859
46951
11427
98054
66355
56940
20987
23931
72018
56956
6314
53398
41201
52849
3799
5110
88662
56816
73746
35064
91919
67057
39487
12090
8643
14334
13984
61251
22263
13503
2298
16121
20312
1859
73061
26588
31621
63395
18182
6472
67777
68190
29220
55800
78059
8868
11734
51647
5170
73734
47105
37712
94969
4781
38040
28548
86725
38620
96932
47436
49845
74534
16922
23710
80954
6153
64350
28456
46111
11417
41929
98635
47078
15455
44228
85759
23226
48900
65626
68811
66133
64953
60496
90560
5700
94557
63774
77012
31072
65258
53824
76600
67170
6490
4365
77533
84694
39238
12621
27185
77402
14507
91537
39076
85849
35788
53191
76785
57644
80853
84366
33498
19535
8757
37432
39409
3694
94871
30145
60628
41314
3888
22394
98962
18897
51656
63019
72888
26704
3142
46963
88162
22208
66143
15434
22092
50642
61076
72701
93041
85196
45218
50445
13201
55973
89755
223
43980
84059
76554
96940
3989
12254
35621
10965
7167
93945
88332
51301
34998
94422
84964
97865
80326
96630
88837
27382
73463
32936
8159
42691
15912
83527
13681
18647
3242
10925
58296
5453
49553
15881
4025
85658
43655
83015
31729
49220
99818
67060
60485
91557
89929
2611
92729
78567
35989
13076
27547
91805
84194
19027
67459
14163
81921
57641
75272
7032
11223
79302
13540
74301
13007
81555
46863
78164
7386
65416
2950
48978
51649
19645
43640
63357
93024
52999
625
65936
57533
67925
1560
84636
51999
77815
92779
79089
37210
66514
7117
68921
91567
37990
62032
90851
41547
43039
54290
81802
95327
41161
96272
62578
82315
85688
53634
15882
12124
19090
32339
28072
32978
62950
82887
246
53832
8230
30592
54559
56079
11504
62301
84980
76281
17594
36806
62741
48330
26095
12791
16840
96658
6121
38120
65534
74020
37098
46852
21971
95446
16027
41799
35062
4333
83847
96682
32105
99030
23964
30835
10386
57382
7240
86610
79921
71801
44972
81064
85526
57198
57994
98338
53583
63538
94993
27280
59812
50814
72814
45163
84958
28073
29408
65095
72697
25723
1911
56099
38980
33376
42101
1512
49622
35426
49964
65
45963
41897
71725
43029
18937
98091
28870
96866
60016
63058
87585
86513
25888
33978
39906
65468
13449
62872
52796
56014
30970
67293
85885
92811
61121
82032
38677
65021
36923
312
52876
54351
15310
29444
76066
74059
69640
74577
81805
34610
67213
1885
95871
96437
69973
47081
86208
55261
21638
49738
73750
16538
94572
92173
40961
51705
68240
83561
94699
10566
74076
17193
10978
91742
47233
77452
1716
53422
39303
87030
24924
81740
48762
78497
42981
60235
53524
35393
20697
96250
43387
21147
64995
84784
31954
48872
98301
77036
59194
17592
71345
98547
58939
44246
75786
35557
28020
49397
59413
84043
540
2452
49888
45437
23982
88573
67992
13292
58773
78919
17782
54004
73628
41071
71375
39517
3316
62792
68595
7674
67676
89100
68522
91681
97798
11478
3937
47816
34774
59482
25328
80108
69510
33922
57692
73779
403
63902
89579
92212
85295
91401
26047
80159
57818
20410
44650
44769
38581
13150
9771
7367
69890
90766
52955
62349
95252
30568
75236
24678
11836
13257
88780
59337
22525
93123
22638
90434
31531
709
2705
70570
45870
21238
6148
12240
75586
71613
49729
71309
38366
62742
18385
28466
56608
51925
37650
99455
11569
21606
30575
78454
88126
15170
89710
82654
76593
15478
73473
683
23348
68709
67951
39266
88934
40715
98977
22880
85986
55672
24912
1816
40518
40895
74190
81007
54696
28821
71530
90798
90245
58259
31912
25553
19897
66172
39111
98358
93486
48321
92030
7999
6077
1516
59260
15927
73338
73224
61056
98059
8414
57648
91397
60328
27754
25306
21383
79521
29204
17069
73248
17213
81619
46664
3876
16707
14881
79091
22307
4555
63307
77428
20917
54317
46339
63603
12961
75288
45787
37782
20235
86861
54195
31322
12531
73389
30342
29890
86845
18502
94886
8953
98363
69158
1534
19855
45601
71518
29057
70633
47066
27104
72463
2201
24832
66770
62982
72873
63888
2595
183
53942
84963
35436
57105
85161
9141
19374
2856
53280
15654
95124
85725
8405
77491
59478
99308
52974
17298
61716
45462
2509
80410
222
49581
90827
38146
88885
3426
31372
2028
91566
18186
90880
49976
58652
32840
45749
45521
12445
22143
55191
71398
91339
93830
74741
98329
7454
73174
24915
90766
96262
80811
74080
68996
3878
47020
50708
81966
67236
71328
52007
82921
77798
45175
83606
52828
31648
60321
10695
66420
78248
5273
51296
23644
40742
61234
42076
44061
88043
5978
41115
72907
35378
41774
46727
16817
52948
45559
47835
85249
88208
24697
24606
98072
6182
36579
95650
56881
72020
11637
35205
28372
99138
84324
73049
17157
73355
59555
40990
57632
89223
97952
80395
36142
67439
69158
89017
50476
32789
22204
30793
22336
55249
12030
48458
63961
55415
95867
27394
65107
50610
81942
32003
93638
91470
74818
400
71197
13879
87071
1248
15321
81006
29053
16934
42503
1206
73663
5847
45114
26939
14434
56283
15733
38858
73296
46111
61994
22237
15753
25379
73860
69574
15009
17389
94518
62522
72057
3357
86759
43786
43883
18547
4031
69942
88366
93327
59762
84486
79340
6849
21996
20439
1515
39213
60574
1380
88233
18446
14832
80923
34052
14436
63185
56488
6624
40033
73095
64886
30133
74952
47134
12980
6093
27094
21391
73559
54062
18595
93013
55383
99623
48524
45760
56575
60036
41794
26491
63392
23520
29064
94475
673
50217
83517
96705
3665
67906
69359
7016
28453
18958
82322
77498
41295
78137
53088
45511
88697
52445
84621
3327
66648
53121
19099
19465
47275
30254
50528
7027
17178
51461
54238
2960
32337
52463
49533
14546
88213
97851
59322
7540
64557
28544
52995
90943
16303
15762
15905
50750
44556
3550
27821
69375
9671
53345
5256
76106
12702
18714
58231
90656
83736
91169
59225
31679
69970
52727
30820
25260
83812
38850
29397
36690
12463
12830
95286
87224
67445
76082
20219
81523
12672
85132
85106
80321
99243
68238
87738
88992
22220
84685
2378
80863
36703
51131
16726
40833
59852
88447
64799
96326
84962
670
63489
68108
17978
52185
40907
38660
16637
77130
30020
26633
81758
66747
49093
69912
99899
66048
43600
22800
98981
17439
74381
33707
8911
98917
70116
54882
14720
49751
77655
41239
33498
31218
28283
70497
7074
33575
47890
36481
11699
83743
92010
37338
6697
9685
65871
85011
30046
80989
93673
67340
55129
3541
4456
27394
24007
49788
99041
7640
69255
48847
47845
70383
62251
29820
44958
85802
8898
45101
85015
58226
24954
74108
80454
89581
8336
58983
63887
43225
38167
14922
76977
5136
85747
18333
60141
21597
11876
38844
42045
7189
3910
5892
38122
78181
42060
64361
32300
73940
86515
24765
4818
45192
40582
98630
39576
63921
88243
75816
8850
89903
96490
94041
89024
76060
12167
65392
94192
61723
56383
78297
87854
81656
54371
88068
8873
79827
5192
54453
98156
39017
28486
39963
10324
83690
2633
51628
29884
75035
13823
37128
91800
39502
1107
65868
65577
56166
4547
59803
58241
16512
2364
9351
85093
60284
78992
66894
26248
26006
48318
80212
5708
13237
28795
76431
36612
5034
91648
57127
85856
95827
32174
19655
57160
7259
92064
59009
223
24424
48624
98508
87810
18149
70229
78263
48812
20389
34552
38980
80293
99971
27777
24928
88235
34419
60290
21421
84282
91964
40300
6921
42034
25656
298
19405
16587
25599
18241
15046
30487
58257
36393
62420
32434
67758
59149
56440
99235
21897
45042
74146
3025
63289
39599
17734
16462
19997
78044
98617
4486
23723
47855
65084
55483
78636
96046
46984
37604
99002
76945
69708
63360
85911
21381
27435
44824
48578
83434
73929
84024
76772
39912
84597
29305
53937
32917
70425
20964
61660
46740
13095
4524
87725
80809
61687
53898
72082
82523
74711
91677
16540
14996
1536
67178
52829
36068
9745
88696
11647
34797
62803
19941
15238
13571
63666
68823
85927
8705
42101
68255
14981
47867
42077
74200
82849
53333
15684
15019
46905
67300
17147
96909
92839
80229
35601
95898
40541
8580
92976
89375
74911
7714
58467
7774
74895
88592
33915
75889
60955
70335
90287
96095
45089
92233
29824
99935
21407
73474
7348
18034
60266
25286
83512
24680
12818
72654
86619
48099
67685
53988
63683
76447
85358
94080
32046
47551
94250
80199
46447
78832
72188
9765
61812
91610
71408
17319
82083
53617
34363
93999
37086
99277
97543
76657
76789
56548
73255
94677
37031
92168
49172
19349
98866
66197
32946
50886
92360
24555
14396
80800
81340
2566
56914
54417
88740
9280
92508
40676
26683
80202
65970
32092
17575
15297
12511
77403
90557
96185
12144
82934
26649
95139
62960
9839
46571
56429
24331
77746
58951
40350
12005
14118
6219
82646
81627
42268
70081
67614
64970
70897
57671
34259
66074
70655
56184
2448
24536
90200
2877
13665
44608
71111
26672
54411
19580
83730
81912
77020
11298
97393
8585
74875
5761
64640
1340
10252
75547
3267
49170
318
43543
66885
6362
30705
68390
43795
85074
72557
4042
39791
76665
44669
79381
13530
60951
6707
21134
82755
82931
36089
62462
58948
89483
89026
16306
21601
30864
43321
28616
56255
81814
53481
63214
78523
61956
81442
85713
34157
96091
67372
85125
70421
4044
93694
4423
10222
47707
56362
31417
47109
91935
10712
362
60191
76639
90586
24237
24286
67036
26322
68189
74346
30069
64427
11172
24820
57060
24487
79495
29015
52872
92758
83497
47786
50652
54785
37486
10296
4136
62447
777
98000
97696
16314
51564
7869
20497
83468
33569
47993
73922
66778
22999
6599
44560
48020
75517
31076
84549
68920
2328
3975
61999
92543
96512
60310
29515
6017
11433
10799
25717
2626
4053
84309
2795
86426
33758
47775
32089
3200
63887
42776
98040
21883
81828
2305
33617
82630
47746
63119
99255
97335
40134
27355
19120
35079
21031
10895
54927
37313
93973
87445
80093
2867
3199
81585
66899
40009
82724
45031
76977
93723
61008
59514
21214
63231
49032
36831
50203
12112
54789
35161
85564
75295
12694
80220
56381
29594
93380
9894
75224
3271
12664
95126
89046
96789
64324
47455
87632
128
36095
11279
6305
15630
51477
72120
23359
49848
24433
28462
79882
86794
50302
28291
58093
19110
83405
70835
19938
46720
9689
15047
33089
1599
54173
1338
65246
96466
83669
91935
98237
95340
38437
39663
71489
83975
16780
79418
29394
17568
4656
22675
5181
54697
89731
16410
5327
79510
74397
29442
62268
42353
59282
2259
55457
92958
28151
37308
3679
88298
51132
10363
43716
43739
86133
98286
51970
55908
10891
9595
54991
9361
86619
9024
84427
58208
42435
68444
1075
96094
24138
13656
1879
83769
20996
81828
93378
33969
37597
59250
93314
10219
8872
27374
39204
77934
2808
54938
42695
51227
63093
80356
98619
2379
66572
50837
24459
20154
95688
24532
57771
87945
10890
68401
75502
87738
27689
15895
89536
13971
52176
58542
66075
67423
16309
97093
88547
29806
93371
89604
73037
12032
63278
96943
64352
43134
50548
11203
88736
67830
50301
85101
43131
44236
75071
20387
59217
62886
84269
37331
69048
99203
70186
67005
37770
21588
72074
68724
40592
22702
16688
5254
23795
84750
53629
39876
81728
18291
3965
90781
96354
76486
85657
92313
64913
67593
46427
22671
66078
83816
92205
6335
20630
27767
90327
76440
63614
11647
30171
34410
83633
71618
2126
59222
42777
54170
92332
61745
52693
93471
42187
78921
28636
96555
86711
2789
74898
2500
58954
38202
51295
4513
75356
74385
99870
23431
76987
13082
70016
30871
85302
30017
53704
3418
84751
80525
88547
82112
17686
99502
11205
50946
39467
55976
17923
46006
1997
85819
62891
73026
37227
63260
3990
76795
10089
28537
60465
2394
58320
69885
37277
44939
16612
9724
37441
81691
82984
55344
47507
579
20509
97977
1247
63715
42889
8338
26947
27112
82518
75049
2769
75854
82677
38963
87289
7394
36710
51239
51992
15780
7463
94844
79905
36835
36622
2242
1460
13598
23799
12696
36401
35
64869
60904
21139
92914
56792
72653
22146
41332
55412
54317
22668
62311
41016
21969
85202
17597
16290
61781
34815
6244
69661
68753
59783
66955
88321
35163
51322
56398
7338
39909
73867
1144
87009
53607
64790
51920
69755
87988
36994
30166
45154
15319
84552
51469
96986
9844
65209
66526
6164
21340
48330
94275
95730
10482
14330
958
67258
40330
38545
32687
49113
93018
94340
28821
20210
73950
81093
62601
82442
46134
86464
33880
4132
7708
80567
24110
46577
93427
93497
59144
99919
73797
10221
9482
22167
20120
42866
66157
65670
88635
20560
21210
85599
83518
56778
92789
83835
99606
45261
99882
51488
73882
69226
50018
40685
83579
99803
33662
62391
45464
18175
45448
70584
87862
12583
56734
38686
13635
60629
80374
36201
42395
69752
30621
916
83036
21706
33890
48125
78401
6436
36271
95764
52882
95971
72620
67376
95429
76591
34403
9413
84720
41861
17644
10095
62843
62168
79038
48983
32829
7891
83021
92765
84465
6947
16240
23719
72897
74460
1626
87989
8405
68798
96006
95170
83110
18617
77806
56312
71650
11136
56917
6744
47047
46427
21732
23617
24306
34046
42045
37995
70045
16949
78207
91757
26607
7907
33549
86205
94396
33707
63679
43585
97540
25127
2685
9574
15682
50095
69749
5180
31670
28744
99969
44227
29580
52351
34505
89139
85299
51675
5303
63593
52802
48095
39881
59914
82264
73069
70235
92354
85950
88592
37823
97419
77810
5256
68116
85911
56752
94212
56674
71002
70639
92183
50165
32753
30216
31362
5199
11527
59420
38031
58777
50887
62889
10902
68315
64204
29626
65804
77225
55597
66130
81820
1899
18978
96645
40606
62544
77674
25486
66313
41343
59683
68209
40677
39288
94706
56093
26252
84420
5292
26131
12215
96286
70373
40020
13878
45934
31152
72218
95905
31540
84740
38875
26824
6490
26659
78305
35360
33423
66442
96052
24824
658
26286
73933
38251
21024
85868
43757
7664
91549
39514
58037
53731
71170
62905
28599
73583
732
25350
94758
21813
28936
65848
89417
81355
61748
23254
66637
88467
75017
80095
94960
62284
86230
17958
49310
10368
56518
89322
40862
65500
21896
23786
11026
21024
6536
36456
89185
70818
84872
49144
43622
31240
74585
23538
59677
60748
82462
67136
76318
30275
71188
50119
53986
6853
93670
78509
20292
96914
18040
95862
17723
9108
41931
52412
20203
34685
24989
11650
65323
1112
23100
86950
15106
10090
59486
50500
29214
23560
14292
73334
54575
76297
37963
13496
2630
62537
15983
34058
40701
21484
68467
67762
3456
59669
42881
54833
88473
60438
88543
65951
54678
21815
53865
67664
66478
5442
41450
82058
77095
71471
70906
93880
69157
25201
62933
82638
98295
91010
98182
24363
84049
70635
72046
23971
32072
75647
82752
28025
27245
40871
42578
38832
66720
40717
13809
84413
62306
20076
14142
6035
27557
60948
81589
1317
81953
62219
84246
20517
41465
65287
85134
83169
13912
1735
70723
81543
25856
71435
88842
96831
70834
75193
86502
18132
77062
76043
65592
66263
25140
54115
74976
77381
43134
87
74715
46262
70256
30859
83685
57056
45274
75146
97560
42770
45476
83566
88091
24302
45900
11027
30680
63476
5151
23718
66189
59445
95148
4316
78898
30166
93818
77028
20563
82093
1656
19982
3347
38475
20859
23400
86197
59079
79158
68034
87887
69309
70884
77571
88794
42438
41150
65115
24530
36473
16004
23994
73630
84640
98652
19430
15967
97519
34034
29909
1129
94035
19377
96569
30728
12279
36326
31832
19998
87792
18597
61797
74672
22820
10186
57337
29323
86927
55343
18511
46882
84207
77783
27378
84799
28576
2933
6410
51978
47858
95558
95021
11339
9035
60034
10894
54236
15282
76135
563
26836
27744
30814
44854
39114
44103
86913
14365
23872
75394
75171
39084
96787
63743
56445
78780
31880
41357
27183
95793
90615
71203
27643
87951
69765
60440
4386
51583
6603
58604
54505
58230
22793
96244
7471
91565
71091
63735
6632
18788
52678
87249
63912
71444
57449
33725
66415
52873
22783
60383
21059
4748
72512
77940
99672
93775
57862
87953
55484
39927
23714
33216
25046
39940
36195
63503
28605
29491
97017
66669
28162
4913
24325
93788
48703
8822
26285
52018
57740
15533
3993
89762
14280
86109
17622
62020
2829
43980
89576
29326
4688
56561
44620
30712
76081
14362
48553
68391
75484
70909
53576
25255
97070
36219
17335
15928
79020
17635
97886
43537
13547
33705
6571
14598
43576
84692
77005
82465
67122
71916
36638
82398
20304
45215
17133
90848
57154
39058
84412
71337
14078
70071
53990
45897
36661
58916
79735
42106
54908
24711
858
50292
74449
11131
5314
70920
98518
89901
57071
71312
7806
90265
81266
84518
80924
20805
32810
47235
474
80884
9984
93462
77718
1883
99915
99896
10324
13088
75220
9170
52183
15337
41134
930
9905
16242
35144
75759
12875
23520
15522
27606
5145
46430
27719
2440
95502
7490
36896
74447
86235
82051
80693
24327
83074
66159
92053
95840
33355
69647
35372
43668
13710
32537
53687
89570
44488
64841
56753
37871
74072
75993
89761
85065
20538
67786
99770
21490
43804
68167
19078
82939
94566
95528
77102
52156
27110
5742
57996
10904
63063
84837
66060
97142
93399
12615
1528
551
81983
48466
75224
46350
42528
79927
82706
65531
96931
82557
60782
52688
58376
13695
36947
71372
10369
90084
35552
3362
24428
54229
17183
33421
20862
80520
99338
49989
96974
29265
18520
27515
68662
28070
83605
71837
13599
15260
46213
50044
12310
10637
35754
58856
54595
43998
53682
61286
36596
56890
34549
95694
58974
4555
94572
77924
10959
94459
41599
16162
51166
24499
85330
47679
15941
9050
54565
24193
49279
86053
50812
23457
51416
17847
79219
96822
24618
41482
51276
38156
8839
33594
32645
20567
33887
55448
12460
33672
37313
20606
15231
78962
72456
50290
52140
3749
44879
21303
42958
18905
64722
20303
98259
75813
73533
40660
16012
57338
375
36589
13229
87354
50629
19783
64368
76529
64876
96452
77541
78712
95049
86136
67561
27460
62196
38766
44212
82391
74503
41687
50350
69518
84785
62377
71051
70106
15561
49339
5143
4880
66749
94140
80565
87703
11978
31802
70119
44379
36607
82404
16711
33292
8222
98710
35518
24243
37888
58167
99090
5307
26004
41650
59279
56174
30371
74341
73647
41949
34841
36650
94107
91579
44573
97736
32326
60564
4971
39651
66369
48397
13466
7360
14833
30395
86613
83825
53456
39577
36612
65701
53646
92842
91590
56764
88276
17648
72717
79661
87460
77667
67196
87509
56269
94560
35887
19368
4287
70238
43709
65774
13008
18106
3075
53201
78514
3846
75246
49021
3588
60151
85521
9119
5443
86837
80153
96046
76038
54910
21617
69581
65292
58289
98806
51190
55267
3081
17836
26028
10161
40519
65993
25264
7409
21184
56236
37403
33284
51410
7792
10552
22811
11107
9900
43806
9786
49462
88411
15166
72510
36145
42479
46365
70277
95884
62794
73736
88033
54147
69410
41976
86794
67264
1517
35030
64374
41311
6879
35648
90229
33935
41447
81256
89283
71617
23968
3685
48223
68125
63002
6044
85715
39533
96035
67237
77844
36263
84686
31007
72202
85614
10474
67912
7173
16927
8254
36471
93846
75824
67439
42173
25505
1845
59540
97329
69504
89489
27634
12393
63763
94052
92073
3950
97407
67282
1392
56668
24424
50873
55088
10972
83255
22164
42330
90858
70202
69654
96127
5495
77237
33957
80049
5118
39650
76024
9961
1429
92429
60901
38186
4668
7157
63455
89054
55706
99468
29924
43883
19905
17969
89390
53515
78261
23335
18602
63705
42057
3209
14570
52585
45053
54241
70367
19699
46952
42414
52502
35544
28706
22479
80307
39398
48663
77817
44495
12052
31858
47376
99488
56006
70013
14638
2854
95406
80827
32954
88280
70978
57157
13837
791
49520
13041
81246
72535
41404
84030
23628
82831
81245
32988
19416
74628
93215
80902
67274
94796
68662
33438
54142
47820
55447
74405
13764
12999
58329
93085
92016
72431
22296
91068
8723
9790
63650
47418
70350
94834
56659
86504
28924
18496
87790
92303
7578
60902
44789
56412
80090
59546
55426
11464
28433
37668
8959
35235
51541
94978
73559
81508
59706
12632
24753
65230
25985
81093
99700
91072
30848
58935
28043
95701
65392
25638
38895
21655
75587
4073
10742
41260
15211
81272
65875
51424
84245
66719
12698
60249
68023
20329
59447
15057
87327
46289
83081
79507
39627
45977
37781
17931
45826
65421
39150
21406
56296
74959
79562
47099
22643
25169
83156
40188
57288
89061
32177
80377
43754
48888
76882
98989
64652
49600
76921
70069
7899
1437
91436
18194
33315
84666
55596
47571
888
27315
42702
97324
21127
59161
99253
40276
53757
5522
78832
96636
49329
27798
23964
46951
14611
67186
46109
24837
27557
78818
60240
89980
35387
21136
87652
33899
56381
26133
75588
82816
55060
63377
52203
92838
44502
42167
64886
76533
88708
65057
99805
76033
54274
64498
11129
83370
15822
87026
85769
56103
86162
8662
87856
8370
546
19980
24956
57404
85905
32155
42318
12052
36746
72527
61055
58346
33477
37033
60336
8799
10529
75698
68197
85742
34148
34420
86438
99019
48823
97686
64655
87295
42287
9896
22229
73962
59792
10583
40123
86897
2081
87450
16731
41868
59480
8853
74176
80832
10966
75550
6651
7646
62315
62769
52962
66214
17979
47095
805
23909
44588
89327
76379
16252
77305
85368
67748
51312
67067
55695
50531
92790
14258
90069
13777
73117
87735
78630
49269
29760
16651
74786
92218
82619
82845
77160
34841
58038
99960
78875
18668
77128
70390
17455
69334
55209
50760
73903
62250
90389
73286
64675
37898
4166
69451
51927
5305
67767
84157
90371
64187
39666
86772
42397
35986
21523
66802
97926
40210
65275
93509
89988
41025
14727
53819
62678
38561
44371
15531
2981
62599
35523
28159
7803
37123
82256
82409
6327
94750
26789
5797
57263
56254
80901
38503
98408
12542
99301
54437
73144
40219
15134
72321
2354
28061
88404
6532
126
33413
97345
39211
35775
7435
82400
3834
8406
82808
45141
55176
48837
21813
16344
99245
63886
17248
94511
13622
20889
20000
11712
38195
18861
67177
25639
18443
24845
97002
50635
68926
28659
31814
52345
37724
89825
10967
91643
70332
50615
14485
35148
73188
80191
38095
25538
75275
33080
45964
32703
150
38511
60510
55737
71780
87042
4301
45724
77145
92705
48292
31342
50521
10454
63433
469
78466
22925
40398
80378
84583
17769
23299
51324
19779
46111
12510
535
63079
5464
10372
92469
82747
91369
36596
31918
90008
74085
20195
61909
66234
18218
85910
53643
72545
81948
21453
57162
48469
5785
21020
95301
52694
19097
46174
69267
74435
22381
6125
96966
43906
35708
83416
67245
44646
1318
36048
92161
65401
40698
71731
86697
8570
61829
32447
40328
7197
69811
8770
66577
54199
22867
84455
23520
60838
92007
54419
56156
56954
75105
55372
27552
64661
24047
7619
61748
68116
35911
57247
33465
27850
76455
988
31672
24714
48741
95775
4356
28206
3997
40807
5361
67521
75522
39812
73055
42610
53252
29952
98459
76067
52124
66469
12482
14594
52379
33373
37554
78811
96849
36128
18894
45870
31749
86023
82928
80045
49285
6907
5396
51004
48383
34096
14140
39259
49704
64377
67347
66749
34127
2882
25042
47908
64048
52906
1201
74265
80131
73477
6437
22486
78741
34655
67746
74799
45908
44347
29890
31452
62966
36815
21338
44161
66926
29947
91218
83795
98407
25164
74493
27865
62338
43450
37514
1878
9730
6489
99666
17223
54932
50335
83504
88948
1911
50269
46896
27937
33614
4946
8170
11730
86764
43241
56229
48678
29726
81147
23690
39737
70573
26296
3269
72212
38099
84232
26657
25044
63093
11094
51474
95083
57124
19420
27515
72329
61729
40414
5096
65948
60402
13047
38256
98649
25933
51154
69501
63897
61698
79589
85985
65946
65825
68951
16859
74992
46632
63764
32953
52331
97997
57257
72962
8228
56945
4688
30960
76842
70674
26821
61730
21461
20776
24628
98172
41645
119
66632
75690
81028
16086
56786
91402
99645
78497
46749
13859
29971
8686
39726
19415
40220
68164
36694
35743
690
68901
8668
62105
23840
72270
76641
94745
39862
16922
17062
27495
86318
49028
23657
92004
40712
65144
84043
17327
88176
2972
15082
38603
27044
76634
3486
5306
74674
799
16630
65875
71042
41426
8640
96148
7514
81970
80079
3274
13342
60215
96542
96439
6131
33590
69165
34765
43508
65475
37917
7216
41394
49080
42097
86636
93658
60432
8187
34211
70056
72342
66974
70826
56620
58378
9911
60252
70529
96478
57000
43554
82294
45371
90294
96124
87772
91001
27274
316
27631
98342
8574
75411
24272
59047
86966
41375
50885
389
33919
87003
1974
30919
62934
84097
18745
52677
82883
54786
61123
61022
38197
15496
87431
52240
43184
1373
12433
94565
36187
29916
2982
77541
88097
65958
81044
43145
19116
96641
59320
67773
20151
69674
41400
74803
10251
8050
54275
87352
23071
10520
94014
16420
25895
22359
14743
1520
40798
70502
32990
61681
79736
52938
10643
22005
37682
44133
56441
15357
32542
65211
34322
47202
41436
18873
59041
8648
70047
59773
62012
52474
41941
51818
67312
84992
60265
95179
51113
44637
67395
42893
31898
63194
36973
67944
86085
93394
35167
12874
72459
83534
40127
74249
49245
91128
43163
16824
47627
1936
74211
93068
5578
99743
55991
54227
8543
45334
80443
18958
64404
41940
34701
9254
87554
34155
10507
11669
44346
58220
81284
31735
31208
64660
14347
53077
33430
62565
22021
70877
54349
40024
91001
88007
71199
92672
17302
758
39867
39780
30106
20795
10851
11387
14500
17224
54768
2688
15358
51071
38861
52283
51273
32410
37762
99141
21545
64489
21429
36812
41778
45905
57350
38910
85416
58474
1325
67381
57660
35568
5559
95614
85130
69656
78776
58738
21871
11536
93086
56235
33331
19662
16185
67798
72386
56533
4280
82255
89169
96784
33648
17978
70292
28282
35267
62643
38851
21329
36320
95431
98115
91973
69003
63162
90953
2748
93821
8699
31964
92143
14211
43497
23502
37110
73453
24779
88590
8542
44506
26537
68436
64984
96657
2414
47631
28055
92708
48644
73831
26120
80217
40847
61614
80109
98530
33156
9612
58958
13888
83731
50945
69988
50626
93875
5230
27157
7952
90102
56713
93190
236
84503
75490
89344
68802
28410
94777
84420
72491
991
71768
73960
70816
51443
19861
20188
68018
85787
37632
69811
33296
67752
41767
53107
88768
88647
45393
75904
16637
86762
50360
46301
72485
99953
27096
18783
56614
30778
15939
74744
62747
84058
81526
15834
15477
50602
63848
65676
18460
34509
73765
23408
64252
24615
33392
30014
41700
68358
33800
46549
5461
41214
48815
33180
1679
29251
85519
23447
2926
28081
68956
39233
2147
2750
91340
14416
38375
83251
25444
714
92442
95628
18314
1443
21132
33217
61785
88476
75123
58071
41224
26532
41196
90728
74226
88008
11883
8306
56550
32797
9157
42345
31174
62654
77074
40494
15624
98392
25077
16963
52860
97112
57237
58386
267
91358
38021
79965
3306
76339
91133
76326
32389
82067
84481
66789
3914
15858
14458
54034
80465
46591
419
5982
90431
79736
98286
21815
6818
1174
49001
56501
86440
67633
4396
28860
43416
50585
14386
29549
72212
30266
70887
19863
69370
35510
92969
77006
71392
69735
30154
19459
93061
48360
48535
10568
79158
34024
27481
80354
29118
66738
12176
79546
65890
79701
77570
29271
48583
97000
73482
49188
35756
87045
95968
63251
34528
70769
56389
46285
31264
51648
78692
98880
90978
84961
6827
15438
83828
62727
19895
23054
55142
25601
87097
22537
20812
82020
41258
27594
68899
88740
52372
84835
61753
53131
4101
16761
5735
43297
8457
17741
85622
26627
58519
30813
54411
91144
57720
98594
40549
5591
30432
33754
40992
76079
82321
33893
3814
41467
23209
80039
10149
86723
11153
97999
75063
95474
84010
45018
54360
58866
11230
23447
35760
73263
87350
9755
59148
7004
81513
68751
38237
39117
6039
98052
11023
43976
63184
3483
3112
28818
13617
73796
27374
22439
84389
66224
29701
23459
15146
25484
12792
96866
91053
34836
64492
55132
19744
37272
87082
20416
65726
62544
25143
3270
75744
22676
82250
57386
95491
32512
24505
54398
15813
30502
91581
17757
30600
70292
93492
43811
51608
33966
93862
53145
34918
77053
4024
96209
36018
17372
52742
48824
67838
72986
93378
93110
20382
19274
95502
19242
3864
92812
98330
29089
50896
79387
7466
98550
97522
6676
81941
7397
10864
91778
21376
79784
17181
30721
61346
66166
7248
20197
35900
29581
17606
47042
61369
96468
74283
8514
69714
3763
6258
64261
84538
41176
43847
62656
8471
54452
82997
71186
68141
9573
23965
41010
11871
91600
26452
95932
45340
47240
65380
72603
7543
5320
60642
62625
80154
74298
51132
48625
58674
45045
31291
30653
47002
4840
66164
28379
75638
76511
73159
35780
45106
82392
52165
66485
74516
68094
34104
50226
36992
48319
83636
88446
83209
2171
99459
7948
24813
36089
24666
75912
41939
57203
97178
10490
67290
85796
61336
45238
9374
32245
85946
24755
9529
96093
26647
74545
89730
77676
77240
34825
33127
16873
98296
9190
61291
13408
55232
99061
5673
59035
4925
69834
10632
65558
8722
62809
38181
98840
79014
34648
49836
42515
69181
43780
71077
73881
35535
10882
90144
60507
99050
81954
85611
2617
12733
55924
45628
90172
53083
32514
71
14799
46317
15815
67346
47159
6671
87774
67347
6775
83392
32526
21796
67810
33318
9629
84747
43492
84237
25560
95226
56271
63424
13312
46651
47084
78114
91667
99532
68778
51986
84030
74926
62857
81103
38729
52740
66840
9579
39459
59141
76261
64164
39578
536
20015
63298
58009
67540
83306
22534
27600
74094
9033
91429
40816
41910
88443
57874
43361
28396
38025
51592
44231
58269
61860
92001
85014
99110
73211
66437
62711
36545
64296
9590
88772
28390
22049
79055
19166
23438
37468
4493
58091
74961
8685
58434
52566
55083
53422
46655
27829
57585
3423
20951
98487
60770
66132
62272
98927
46167
30037
52023
2589
44285
63624
71781
41661
92224
25467
75343
44327
58722
61617
21375
57380
77314
13157
2653
62725
96773
59523
7058
5243
83777
66035
23227
73960
80793
9745
74240
6724
28904
6491
70117
75444
10186
60899
25753
94369
44805
19570
76177
6813
62457
26156
43218
3952
10317
65983
37075
28827
62518
15358
13448
41850
12667
72131
15190
55212
5813
6846
52148
83982
63231
60452
89781
6012
1521
12748
41709
80525
28236
59400
51951
39258
34228
26971
499
19677
23361
91582
51707
76752
15361
35714
88131
37158
21839
82938
62115
73622
58304
2516
98819
45787
35012
98113
70757
33003
91421
34870
18919
71545
15074
40218
2469
83112
63465
81727
26859
15334
19898
46739
42011
56862
83762
59912
16619
83720
89024
32661
70068
46777
17676
18153
6199
27390
59234
47645
80492
83470
41483
35280
29176
45188
35269
35262
9505
28850
96514
16174
40417
32585
21668
79208
66212
24322
54787
46426
92226
6316
60983
94067
90484
27574
51339
18601
32457
21102
64695
70507
12216
76811
66847
56167
87743
3199
47920
39561
75080
91272
32376
50718
83779
76169
75365
58460
70381
17805
63646
86647
50159
59810
97432
87185
70490
42665
92793
40748
68831
59411
35467
41427
72732
34856
98103
64056
48682
51716
4376
48299
8543
95933
42563
67628
1880
32376
39119
49969
53621
8027
3134
68710
41909
47435
21814
548
39728
9922
42919
62712
75656
52050
603
55102
6997
80777
83284
32891
40657
77013
80976
55479
99464
4824
32273
62903
89733
32113
18059
87410
77619
4140
76099
17659
32143
81806
35512
5439
14019
67912
1349
1965
54862
52075
90313
4436
49479
8551
52677
31859
75592
11489
92152
49084
84437
67233
39961
55807
75632
81747
91982
96255
94197
50177
94085
21197
44390
98993
59620
52134
59384
75287
84554
35728
91166
22680
38691
72119
95827
6782
45170
3038
39336
87028
70699
76347
72513
82464
6905
81785
44910
15649
86076
94591
49975
47184
52606
70246
88953
35594
97164
34989
89915
60898
79810
6619
96881
47275
73678
56332
23931
13618
57581
72000
84546
45658
36527
14564
29067
68932
32022
30812
73388
1490
25836
6253
47998
64040
7148
38242
83675
31766
97444
72910
72150
85757
31550
70513
44683
12910
5534
30352
14655
80468
36703
54399
70091
63869
14726
53884
43544
93531
4014
61849
23152
5331
9159
89544
28188
37954
5271
3884
48758
81095
70156
17716
71441
39683
65045
76984
82477
82308
40333
33250
75700
92075
44487
6504
49687
71369
60235
71109
64376
91447
85410
63050
47
62190
95602
30323
15081
27287
85160
18733
47307
10794
4292
66432
33591
39963
89437
85087
65773
64687
25100
54483
11242
62032
85745
70961
97181
96292
36631
36698
98653
5096
94146
98772
51478
7378
7806
25283
59097
96063
92727
8743
41073
59413
64940
53550
16257
56838
32333
88276
80280
17486
28494
10314
46688
46239
90613
27552
10271
37276
90077
68419
85466
66052
92642
74419
82706
16594
23958
10577
26727
91549
77715
32638
13387
11978
6889
25923
87668
75338
69714
51197
1878
85433
10927
5399
74865
86430
45684
56913
86230
53383
69059
88570
11126
36235
49177
32066
15805
728
90222
70215
81271
69473
69766
66939
19666
14141
78254
22451
6529
41424
26164
65952
24265
54566
90160
22012
29260
47706
59298
60067
82085
6856
84884
91668
18477
50155
72350
16728
95273
7956
41426
22363
44081
53
67188
58228
31608
33195
9645
88175
52175
98120
25286
21007
80165
13109
89305
20095
37735
35539
3367
27948
99393
74734
36901
99790
65767
44247
12668
27416
39346
36349
14229
20278
47206
52206
3803
97032
67009
87705
38708
67855
45119
92960
22776
78753
28267
90192
12649
53216
74199
66555
31928
84576
64570
72200
33910
29794
27076
10703
12825
58193
38902
66972
57593
82372
14950
22646
12341
59720
21954
32159
93769
99226
59027
88838
53246
30727
61885
86511
49715
17357
27389
88844
87510
13508
74676
86453
75602
68962
19776
48823
48204
11902
20361
50331
2276
86410
84679
47686
28849
64357
65452
19029
37204
26462
21364
80335
73213
92471
98821
5264
60957
29899
78919
35222
8868
87262
49122
66886
94523
17441
78679
13007
15196
29097
97844
90743
2492
67715
77617
94571
31202
97740
33311
79088
85051
73660
31267
68362
6133
29181
23549
21365
52299
24816
50407
69470
17357
48449
62328
73792
57086
39795
8448
86905
99930
33302
3170
64930
30091
14063
17406
96869
76394
38437
22008
86160
92588
51271
76298
55732
42704
41594
77886
5779
18935
71192
94720
57348
6177
39962
89098
497
73773
92063
53224
82094
38115
62969
61635
76749
75661
36280
40696
96606
61760
25106
8970
57349
47636
42388
14029
49583
44444
4197
6304
72471
71609
41774
94185
81778
70026
72716
59970
15982
1092
35038
96012
71270
5684
42584
78303
37020
18593
53068
50644
43680
92961
72140
74243
64961
81286
89470
62468
14715
6415
86983
71478
45476
93147
