43399
41752
9954
35836
7994
15067
49781
15732
70571
34438
15075
85702
13282
46618
17334
50976
85793
94853
82020
39475
9326
4684
12216
85913
58216
253
50153
40502
90277
13220
15158
13454
35000
95957
23399
41548
49902
31792
54701
18630
2157
25054
88063
24810
28247
41277
82591
45886
17821
46387
51681
19447
75830
40209
66301
29350
30873
86442
27220
77403
7742
13574
46788
98499
93045
38908
46698
83607
22231
29053
79123
10660
46056
21359
854
22795
40271
17661
65520
67705
38631
10893
88455
93060
70943
77138
84006
4749
75037
99428
51338
91649
51248
28657
26323
73277
21157
72702
26336
44622
83618
86957
69504
88689
88953
2793
77834
16688
50842
90627
89725
61268
7451
50104
52095
25436
84446
98386
98039
57770
25657
23489
54665
5186
3986
67579
40461
74627
44535
29782
67365
90070
26751
46471
77614
94639
74267
6037
68986
96510
5210
96104
62756
58864
87803
66315
63149
27034
30199
6540
65903
82613
34503
6214
76892
83366
80289
41349
59994
55485
89230
82402
4339
75231
28428
92001
99217
92663
78670
73036
98429
96102
1743
56076
39449
25883
31459
48963
4458
35049
8579
42655
64310
24605
67091
45763
88571
16307
66263
58154
29369
54287
62746
88725
34478
30637
90558
72209
46575
23967
6843
62979
21588
3728
24623
54115
93939
32223
31725
99780
62816
58044
1033
99170
15325
81607
8213
59826
77505
68236
9891
21759
43528
99682
14194
34091
65853
48308
1035
62267
84465
2701
21899
31744
42713
33986
6545
71590
83430
81357
82255
13720
31434
41188
80673
90048
61618
48757
52665
59529
14927
70112
2017
16528
35420
9290
54427
78336
32832
64911
26655
90086
61426
81624
16532
62726
24633
48304
85130
12241
29919
42159
84420
43138
40278
62264
52455
43298
17122
42260
48964
90639
41215
76862
31343
25843
94448
71849
37788
43373
97019
45064
76117
11598
93230
66764
64464
8202
17719
82368
67936
77241
14942
78183
58347
86959
55442
58012
18963
69263
81722
62891
82032
60798
80107
75038
537
72811
70741
51133
36812
12351
15474
63944
2853
74997
1352
50970
3465
24284
63664
12855
33297
87229
32572
2537
87576
76682
45504
59931
56215
91705
92206
90038
40293
2203
53661
3750
55159
20326
61942
29628
82971
32387
52266
87838
62015
70400
21544
98625
70869
90982
74391
27635
7766
94076
56895
10439
29578
92723
73427
12768
58203
97228
38931
91299
51759
23382
93338
9521
16987
86076
2477
5080
84134
91111
66692
40646
92723
30333
55448
15831
67802
43527
44466
57523
15059
34153
88760
31866
39822
64625
29181
52237
11917
18186
43520
57440
66597
76994
88668
25551
68677
86524
8424
58955
35558
37337
35166
82989
62375
55811
23613
20499
86024
85708
57194
37301
35938
46344
90004
86071
27687
53167
73111
59889
45066
1933
93530
94885
5399
13189
8336
19251
55287
2138
75134
73972
66622
92493
4562
61436
73752
43198
74365
92384
67521
57509
77439
45749
99700
61101
39610
56308
69180
99755
74863
27535
3765
51660
22016
88244
43249
59962
67115
52548
63079
6687
9869
90240
98142
99998
42806
50557
7714
5784
75567
5208
63785
70076
65652
83627
35620
58867
87871
5493
17053
16381
83367
48751
3341
56784
55150
14037
54016
664
94464
96460
76909
68135
72665
97424
93488
32512
59050
75880
57694
70327
15806
70058
54994
43226
38032
34907
83328
30689
45531
71309
32247
65753
87788
8786
2215
29019
92639
81426
6824
32243
56360
39453
59581
86314
59412
82755
87451
55830
51891
84163
79964
90586
40309
61745
70442
66713
58575
22983
27169
82468
80533
2609
57
65646
45569
93915
58264
18433
82271
63435
92978
60279
20129
70005
3153
15876
38384
52281
62100
48771
56176
4511
36780
58977
88698
78987
52907
65271
37450
16473
93402
43996
47694
68166
31550
77503
97520
27862
62084
72
29450
80195
90027
52296
33572
42184
98859
77680
9488
99384
42507
29866
44627
24163
3850
22176
36089
75782
59357
5735
65478
65424
83631
36889
94550
70998
91215
93461
13507
89974
61253
29668
42749
91442
26239
60227
72131
79501
32095
30577
96679
59760
23589
38306
54401
42006
97115
42203
89234
85356
21233
47783
7216
45493
4116
47043
53906
4171
51265
95542
85810
21070
69843
81018
9002
83962
89306
61194
56905
58881
53617
87013
82291
16933
55692
13249
41614
63468
17483
93293
76092
73485
65173
22615
66142
7133
30628
7328
59818
71518
53933
12352
33971
62465
71699
38816
41522
28798
11967
55718
3718
71997
382
25084
71737
54415
33098
79724
2128
79694
79555
71028
41166
24080
82564
26614
573
24664
16468
35248
54984
63166
15411
86701
63779
70574
44866
13872
79829
14557
7607
15742
98144
33424
82002
60254
68274
46340
41513
97086
46638
29140
63252
64606
25
55342
55435
49692
41297
73799
86863
53795
49451
44243
18215
16378
93732
8716
26724
58453
85397
95923
31324
21820
29513
61503
47891
34210
3321
48464
22562
38104
96157
31924
46896
1968
27369
12313
16744
56464
20375
37761
77977
78788
97980
89051
27885
6560
51397
70667
88965
95566
85442
76495
84983
55376
45807
767
68464
81584
60471
41538
57781
36495
27535
11322
74755
392
60207
94729
6141
47121
45132
94094
73087
6206
7175
6662
60355
19884
74321
36496
57189
28271
38335
1662
63018
50287
26428
83022
51366
25871
34135
5668
48602
77699
44776
35921
28739
97835
14879
19990
48476
8348
67011
85095
82505
63303
8983
13539
61829
14620
67070
78884
81641
67808
53391
32830
33339
68706
50535
20541
22760
35243
20372
64217
59289
98555
21912
62713
89820
20646
49759
34372
19620
17833
88285
39093
15944
65955
52135
19629
56466
83266
64091
46998
38503
59432
3483
30337
3847
76449
97447
42311
98075
11058
62013
73521
70938
28696
86282
90648
57951
61732
76310
94460
94219
48740
63472
65833
27249
24056
6619
80252
55931
25338
6875
35990
12177
27310
35621
87681
28924
38822
23803
74648
26475
31010
8232
73869
8640
99251
57201
83432
23111
38603
2732
80676
58496
1469
24598
97823
19137
68941
1466
36001
28897
85187
51502
15721
43293
10554
93376
38090
31880
73329
25547
94938
88947
32082
9512
77933
7023
42800
65160
30994
26031
41453
93954
95305
674
68585
63415
45390
53957
68934
18995
18832
47424
53151
53173
63158
24401
16816
26288
83955
63016
79891
98259
3059
4658
22587
27705
73691
20146
45315
66667
42243
88275
92940
45805
55614
79433
61254
82566
96358
27880
22214
90880
75686
95618
68494
62448
13451
46557
18477
75077
23974
12998
42331
84550
10816
39197
64778
74993
56902
76581
48687
61410
63604
8314
17075
33138
89259
162
53214
23732
8315
16769
52067
26928
73595
40901
94528
79839
7503
92953
62072
81298
26350
58537
75544
35812
58922
86583
82194
99151
34611
42930
28205
66435
27497
50393
37872
58304
24941
32212
41680
6753
41029
16129
79933
28196
59119
33071
33784
69086
19219
14754
17738
67070
79515
15220
59749
85499
53397
59280
35491
12497
41049
59663
93859
40578
25971
21912
43537
3459
38920
89629
83471
81141
82871
95411
24058
41152
74760
73995
96474
45422
3397
23469
75865
12057
90399
70612
98689
50868
59324
47469
23252
61298
74128
60924
6870
90968
12319
78814
95004
77876
80824
71238
16538
62124
19043
43779
81750
11487
97727
78281
37914
92485
88320
11125
36886
21341
71672
31031
105
43534
1947
11366
13592
61049
72050
61185
72094
46796
15726
1210
56572
73237
41486
77326
93909
36045
22650
58208
39370
17123
57814
42488
47888
50959
54431
26647
19463
21617
13041
71425
20068
56487
65186
11484
18043
6638
3159
66821
83216
3250
12004
47998
24296
22677
54677
42918
4508
79371
25331
16220
8386
72146
74718
48827
52987
51639
42285
62065
40472
22794
26378
67164
34096
6070
46827
78360
94359
47638
9968
39396
25297
19453
63350
47262
48333
76798
8697
37959
72661
23286
45319
28433
53295
159
61649
98017
53431
12653
49143
11426
36234
85218
75843
91540
4313
20366
2301
60276
29018
82805
28918
59798
42039
69641
28883
88534
89656
76907
66410
21939
70335
14780
48320
73152
85912
44122
68381
68751
61485
42773
51662
35260
30186
50286
10532
77214
64461
89501
48532
92945
94373
34537
32593
8528
9799
9194
10341
45832
63023
97655
40207
84781
44967
76303
66771
42772
89563
22326
20004
38342
69203
8386
60496
33731
94690
88060
13143
3478
55960
15495
66335
98276
69628
30420
33370
48890
41153
44382
24282
90693
88897
23867
34124
19467
40479
22732
76766
25180
3138
19963
7731
72182
37607
92229
99260
70546
75300
66670
62957
78080
42486
83946
35110
62440
72568
94807
36943
41492
85085
32661
29235
27161
10311
88926
29250
85555
20613
42913
28172
59041
316
50842
37258
82311
81542
42095
1702
56621
16484
23002
85015
54827
99320
32048
19854
42240
28051
78909
77471
32907
59001
33104
18810
34556
38019
55900
48851
94404
94419
21519
12899
36017
61276
27458
2013
2051
19660
44239
46286
22938
99094
95173
69474
45083
47571
95923
22307
67917
30471
20118
11079
93768
55853
72214
12074
94988
26622
14261
52672
25388
49658
51312
34098
83959
10447
52206
64292
62116
85150
82544
71009
5724
14167
65999
45980
96844
91735
53977
18536
25844
11491
84081
57239
61445
7375
67677
15127
68934
95567
87714
64270
69256
10662
37645
4908
98051
91773
57434
58244
1194
9234
76313
26629
85735
89870
85664
30011
52124
20420
1261
80950
77975
51287
51498
58888
22227
41481
27932
37239
46533
68124
17182
14746
32180
65026
42943
63648
55216
65576
49122
8613
39964
96029
72708
18182
95523
85504
16762
40791
32536
63316
44209
41526
29024
18523
11199
67331
15061
30710
14383
44350
93550
43928
66468
6408
66021
70375
28865
96588
18615
98293
79275
66613
20224
5827
16342
29278
982
44674
83287
12169
91112
46903
59841
87488
5036
95570
1773
36988
8378
29507
80730
9895
35977
94604
50375
618
17208
28394
7158
90071
89805
58879
73320
9111
71800
97105
86875
8
799
86847
84753
355
4480
13587
99893
49315
23590
95053
7765
73087
48930
88650
79279
64551
7691
45427
85750
4274
83179
36685
61241
58965
55129
76721
31888
94098
5102
37166
74378
92854
42898
68908
38283
88395
69975
55456
20788
16403
69044
74173
23393
17614
85960
6523
83630
96915
18136
48309
62103
7954
80178
81674
20944
17511
84545
36266
47625
3023
74974
57878
84368
57500
99884
26690
21086
28553
78312
41232
22201
90873
66145
29761
50632
58839
97917
57284
29246
44049
90886
69354
83901
45749
81185
42667
34988
45976
58
72016
86330
71649
60022
72833
85120
15797
25408
31642
53901
54718
32075
88439
6849
74432
18840
46256
14085
92825
20387
41267
64296
57651
89977
70681
82383
88272
90687
1885
68811
82197
74506
88811
11401
49981
10128
34073
54082
18242
31334
46257
42043
78155
9500
10970
31655
43656
89019
99724
23511
97166
24192
61882
31164
45504
2732
47273
82130
32544
13015
82083
5371
92012
41415
59299
97293
49760
99265
39674
14748
981
56404
65743
74631
11185
38526
63885
96812
43817
37832
3877
93482
45880
9819
62766
95173
59118
29461
81389
34047
35134
92620
14785
95717
35531
56048
4989
71066
5959
83280
35046
64313
28291
34928
82684
15417
17248
38531
9616
6599
12488
88278
48802
42237
77001
50735
6510
81323
80775
19380
10325
40838
81966
88766
52986
70955
26541
41942
81190
59376
78529
33292
10116
54984
15231
8151
58519
59842
48336
15741
44409
5120
41196
61161
21900
21452
27793
77043
76466
27954
33523
36154
40993
1715
75753
27390
62626
85922
36608
71232
42329
60000
16757
39913
91856
86988
9007
44814
99978
60785
6037
80887
93223
90490
21829
12611
52061
83402
65341
36893
94339
7554
54756
41252
95981
41606
73700
44361
54575
60709
87975
35245
64332
24171
5456
69972
99127
72684
33631
96866
1960
98336
3553
23832
78293
89325
76410
80447
57913
71943
22621
58927
66752
2063
99675
85705
50300
13568
70419
59216
68991
61278
66563
32181
62573
73802
71013
72343
94314
5430
75120
37819
48626
48167
10324
60932
61978
81949
69595
33395
81383
24881
38300
69427
62255
88738
2034
18814
53555
18520
36870
27966
30150
73525
61512
5238
70367
44250
72965
75780
322
15893
51100
2000
6978
32350
92824
61574
53408
9754
92298
54970
33451
57351
17344
8360
10155
77896
49708
14910
39666
96445
2599
12170
29207
11249
48202
38701
40044
85830
55877
55412
23147
17969
4223
28686
54054
51051
8155
22070
32583
84347
81438
12839
55710
90396
42290
24333
47589
84666
89846
86042
83811
35544
6744
41629
41787
32365
19876
60220
1002
81857
89784
47899
96472
5205
58338
91543
92051
38979
87303
5211
32860
26947
53257
14269
45808
89605
28030
65437
56205
94160
64785
29507
94990
61627
40273
80755
75373
69429
88231
73997
45799
64853
40444
70832
57423
16257
41279
77587
91774
27475
638
73184
41622
29094
70923
39961
29700
17332
68312
70234
57465
52368
53347
47772
17088
44894
93690
59703
80221
5796
89215
61320
36318
90894
83657
60311
48230
36325
65219
62446
81204
38619
31161
71925
68036
77528
28721
62534
70293
98995
37715
60367
74473
45388
35561
92128
78853
63950
71596
65204
92184
10770
15032
75664
21698
41165
19979
74527
83485
44740
22623
65896
63541
71540
49019
96884
54463
75149
87145
41824
19621
32446
5969
94839
75502
21615
85075
72235
83113
17145
40106
6425
12214
47916
8599
87520
88153
11393
84577
37343
62571
58050
31581
50836
23456
73443
88989
21677
2245
43094
49825
79129
75233
76331
84248
13316
35465
15755
99434
31517
27593
43928
15916
6100
26267
19666
70981
47021
28836
13468
92290
46267
18988
51714
75063
64260
71812
86173
94825
87281
6615
77088
73728
48321
34157
67988
25013
14266
93812
51407
78593
39250
66964
37864
38564
2919
64646
55041
35763
60427
33122
84175
37397
35668
37230
45933
68699
41135
18637
85934
32221
17577
57745
9125
86963
63281
4816
84855
21320
45546
65701
5850
2410
85356
24773
28697
53827
5946
69354
92105
45741
9577
1548
83703
32726
20750
33191
37368
55274
28003
85864
74865
44683
92026
61540
83111
19113
17106
97765
17538
62042
37069
1228
41954
38965
98966
73336
24370
4015
44238
92183
93601
37830
45505
28695
68553
80789
68720
97142
57621
16395
38979
60053
7657
55692
60279
37752
75592
3906
15108
57128
65855
55952
67029
46970
59354
73117
29007
82064
26008
29731
73822
49809
79077
13972
61991
32482
98137
4911
34483
16335
87960
89392
75926
88406
31740
32889
7951
28108
59077
9135
54952
34073
26993
31547
47920
16609
12450
59644
83898
23553
77734
95245
32734
29622
46758
18173
10129
73937
93091
7161
65037
77561
94637
64117
44083
148
96785
45782
89571
78072
63209
87107
52986
94704
90548
62651
67570
54216
18336
52365
46844
43956
48293
98649
93702
13137
34169
1627
66809
33762
42387
62640
13857
7825
31491
58366
31792
24194
83389
53743
12666
9649
44387
74567
53034
2946
27463
74477
12814
35410
22998
16338
83558
66135
28988
59493
30610
60139
18985
69008
81126
33290
2376
77707
69025
78845
46328
29339
97333
38336
65605
87029
3622
55814
27820
77706
87705
43986
30540
26013
49073
46729
32469
66413
69746
2176
56648
86507
15726
69007
76131
16354
52954
99408
59197
13276
13682
62950
14001
56380
27310
20212
87584
72660
48003
66367
32423
19407
8961
80165
57135
89530
3498
43604
20041
26449
82068
55202
60850
26093
17937
31932
55920
64800
92232
2454
81858
76218
81455
70404
52711
19442
54611
15601
62951
69194
11504
63954
12715
91873
90089
79576
38773
13313
3917
40479
80443
10081
69986
70544
87253
2053
55314
22990
15039
38061
26337
96094
63391
3071
87040
39675
20973
4676
31480
90201
3332
26751
69931
379
35454
73223
68369
38220
16557
59444
76347
44256
66271
75812
37737
96979
6717
20479
53893
66824
72616
62334
14151
83311
74948
2582
80983
9255
42508
59190
35365
51273
24787
27185
41966
95877
89089
82770
64216
71392
67774
63277
38459
71101
86308
46752
78287
81811
28871
94732
20001
81448
83364
9100
37070
17876
14835
78621
54599
51534
13689
65344
60570
43935
97275
97545
69184
88770
70931
43211
35835
57435
22466
86842
7507
9323
22781
91290
10640
11754
85410
70884
73361
74429
58010
60890
45514
4610
9825
43681
17600
13530
37984
29882
72353
48143
26157
45981
77559
57362
52197
74486
21590
34324
36430
18319
81318
76934
53403
32003
12952
15171
73677
60890
56215
28661
89677
44366
84490
10916
69238
27888
90715
54163
64005
41989
48327
33986
11901
26991
61791
80739
78153
45743
22297
42332
36837
4646
73452
50858
450
21511
86371
17770
38114
43214
81310
81605
83546
3373
35027
36736
12753
49766
65198
91009
62430
73588
76525
53565
52389
78893
39673
18146
42820
29052
3201
17885
70065
30579
92665
50757
13788
4794
72902
14990
95392
50882
16665
70596
73738
22437
86079
49835
88919
87227
1425
59598
33249
52710
90397
56961
34890
6057
46798
78458
55084
14437
46352
59954
70892
83723
20930
61224
3131
41859
20722
60071
18283
36514
44421
90249
20615
90389
74886
15767
97555
85608
22434
95445
51157
75345
54736
14610
19351
56265
68818
9235
39354
57995
39244
80426
8730
16517
98955
76341
11480
55758
46140
13680
38717
72942
23882
76164
9221
94185
15915
8601
21236
16093
87048
92453
81206
12360
66578
55231
45415
53543
34611
80650
50665
1006
29928
21675
56933
8242
37914
40801
82071
44199
93534
32607
24616
97606
49348
25080
37451
72195
52751
76222
37444
65056
64275
64384
8682
13626
22621
45519
50247
47459
76246
65388
42284
40864
39519
13421
97364
55705
54207
31566
64960
60340
18095
61894
86553
17446
76897
81609
90260
70796
81910
53209
86246
6132
96944
83855
84092
87110
7641
1294
71420
43561
62799
1709
62514
85376
93065
38572
39702
13602
56636
8896
83487
98024
68094
41148
63180
30041
48015
89261
25872
85654
57027
47716
72581
7612
10844
30391
95
51835
99920
16714
48915
68769
97904
22626
83967
20226
10222
69515
90809
34346
52320
98581
53298
75596
4557
61705
97505
47489
27210
47236
50178
47525
30335
68743
16088
87055
60967
32280
72093
58667
10256
25435
64591
34608
8066
56985
28
47175
7317
52953
33865
53037
67154
73826
57428
27637
223
94481
74740
53961
55978
59169
35987
43683
3368
70316
75876
76787
64034
83114
15993
81434
97913
90313
27178
2135
13917
66835
50472
16888
74205
80300
34381
70922
71673
80678
98564
64958
11563
44142
53466
25924
77548
38810
36521
51744
36186
47498
44452
81065
65675
53248
56195
25659
38888
19394
50501
19462
14300
875
67815
75741
21733
59197
28671
8279
33510
95482
12861
30464
83542
84201
28802
42142
6117
5072
60106
52420
52466
22976
12215
41025
66702
24882
97780
35936
50782
91110
99311
5060
74422
80122
42967
36719
88359
34156
98990
24980
87125
77664
32672
92136
3541
58385
25497
40832
52111
49515
41148
93575
97770
42238
88771
90954
39085
19697
91982
12620
67618
66313
13027
75354
32520
78559
10113
19645
81270
99607
93392
22235
94926
47067
23276
64700
98476
27618
78477
85402
90477
62178
33207
47717
63897
58656
55532
81069
93009
79728
96574
63322
6894
97315
34206
12163
68937
97061
52118
17816
10071
43416
49743
46937
63260
78677
62553
24041
59938
91697
59569
99155
38719
25801
43237
4632
37518
96428
31950
14692
87539
5161
20956
8776
85727
19382
34502
38719
92105
89341
6962
44598
81327
69130
31257
60874
90980
71879
62270
17846
28249
58375
10507
99638
76926
7040
84597
36528
56869
46452
28874
37181
10769
14509
50101
92525
44339
9656
80184
19068
61250
20451
39181
52002
89435
69213
69786
4099
3737
73011
54174
8388
67473
72380
49235
1849
88829
65053
91144
19936
40940
37889
63637
8820
3598
22996
1291
12126
14816
58374
42467
93210
50116
29251
32067
61023
31442
68814
88899
86383
96537
42941
46464
68256
39695
37705
27755
78670
39564
97172
92290
42612
72102
49501
65512
17403
34291
41620
96430
37280
11892
13202
45139
80890
54445
48988
80646
59144
24780
36917
92776
11435
13642
13593
22939
86161
48509
46745
70014
90939
85215
89219
91925
30535
99179
10346
35421
90097
19187
18428
16896
98470
34734
54875
14324
1493
37471
61708
22565
95177
22902
1021
50389
81033
92787
1312
55472
87716
27901
66214
15645
21640
81659
8807
63982
98001
62003
46135
42001
40482
9223
59413
38055
44289
41166
50562
13397
10214
13854
67648
45414
6230
57549
20288
81657
11047
86408
55473
64485
38252
75605
78972
28677
96611
97367
91801
93762
3596
16202
61363
85749
92787
87424
8755
989
89814
52807
14672
9075
99913
82705
89878
50606
6450
19873
28744
30562
34506
68247
79533
26229
93222
18880
33479
79985
39978
99926
19806
56740
35328
90422
25569
59714
89554
74230
28756
84159
40974
33357
12895
49291
43540
65196
4125
41494
54828
98086
18594
99332
11725
82092
88031
14763
55063
59037
63689
21024
264
99820
30605
32924
47049
76918
24139
91301
28149
67855
41067
63915
64612
8448
22260
74124
54598
45803
73768
64571
5360
57102
35980
26520
42109
52744
7103
70865
4671
18929
43258
61127
93628
19408
20514
72584
9845
80180
62606
20519
57773
6104
64763
73720
88545
84062
98320
10522
11011
25734
88547
53811
627
1005
22113
57268
65675
14738
50177
75980
92479
69279
50279
28861
54867
58318
40610
54127
9373
47805
22269
75433
57321
17113
80591
67980
69020
97438
42761
71493
78458
43282
98656
77768
36583
73271
9229
9633
9767
91568
83334
55613
81773
10427
3474
73336
80703
63386
67058
75287
39013
97662
4908
99378
70015
46771
24382
14629
19117
13896
64980
39914
17427
81104
74090
81533
57326
12633
28686
95565
68269
17754
11683
54021
38114
43883
9739
6922
65490
96084
39396
56665
9430
80393
50492
32078
16552
75623
68378
686
4431
42156
5661
82115
12578
46325
26908
7712
198
46967
78010
76617
56559
88501
42022
19399
89166
86441
16863
36359
1693
58100
77615
79875
35409
6362
7877
56291
48538
38209
7700
69222
73256
44051
57695
3232
25749
24398
28941
55170
92542
16739
28458
28902
98695
86504
5233
74375
3656
145
98635
68899
86719
30216
70215
876
60542
48951
34202
75103
61589
46496
59339
18315
16652
73453
77421
65498
90545
35791
92904
79704
54146
3691
5478
91883
40071
92286
97578
71434
80300
3710
67399
94905
33881
47664
55438
76062
24621
79502
10414
17727
11060
49035
67777
3461
48613
6692
14646
32203
25297
97789
92003
62019
97640
25597
7046
71382
51229
18701
59702
38084
10852
30910
34493
16871
31605
61770
52433
50674
87327
16376
87754
91491
63340
16055
39790
64735
11835
46375
95629
23145
99705
29495
4153
21752
58761
31445
73710
71119
1601
58704
75971
81488
34045
32351
21097
33907
40182
10269
78861
78579
96957
75528
60278
40186
84546
652
39139
35181
79154
89330
52079
8027
10676
27105
28888
18074
9590
49933
57000
951
86904
31269
59676
18734
83842
38993
74811
22461
76808
69109
66274
44237
57923
5977
4162
23
46353
2327
44495
66523
36955
2725
89271
86501
61274
62781
74473
7263
4357
91853
18655
88154
85712
54378
52922
24148
43128
2533
37119
31647
86994
45832
6432
8258
20476
56045
39402
34377
34304
27498
14632
92622
2880
48122
42695
7432
52256
26543
98241
38890
69334
41612
78362
86564
50391
26533
5288
86343
5258
3225
50707
52460
17313
83699
20788
69183
88293
35724
5860
37040
73132
89319
17290
4853
47948
74401
91937
41081
26623
78164
92030
3748
633
72151
92563
56750
1502
18024
65668
1016
17816
66597
94678
18859
99025
92074
58916
79113
82240
95790
72850
75460
3012
21668
95701
96587
85817
45530
75480
93149
52812
76931
28009
78996
98646
40391
57445
82146
14228
91184
78103
9498
67412
69467
78638
31645
77914
41530
97568
28551
63525
31305
17970
22786
92341
57236
44315
31441
32257
77428
44808
48898
13830
47701
36609
52481
89952
91031
12262
27364
77536
93795
40263
93423
30129
1061
46360
94419
77616
34948
8848
47853
75
9328
35373
5457
81743
83530
46099
84612
32847
53241
96016
96359
68661
73749
71734
35182
47556
91655
16668
9350
41260
50487
85187
36251
86796
15202
50356
60487
71491
66894
95284
98436
26249
96919
10441
4221
23448
17523
91294
88523
10689
67159
27386
34665
73751
35419
97916
10012
53163
94258
76758
4922
44295
29068
26364
68679
3663
29245
37513
16987
91387
4697
61546
2427
27446
54408
17733
46266
4011
47237
74513
72427
1330
70921
45765
52158
60558
55526
17025
25970
11414
16036
1729
32992
50929
85077
59750
37320
37958
9224
8883
26218
78566
96293
81891
33443
90608
33026
51458
88852
39672
84261
7874
69633
81828
81823
77688
76265
42504
88267
22717
80934
47392
69603
31825
2471
96611
52022
15673
88060
4865
19465
84006
58295
88477
14114
46097
60807
39797
71413
70777
31498
92361
81910
21139
5061
78277
12455
27035
70375
14270
96957
78336
33363
75230
66744
69407
79907
70260
29109
10781
59873
80379
25988
59545
64263
80467
6511
86601
56828
40535
50195
20292
68151
76294
51742
80200
99053
38398
52573
28931
57793
84774
75660
58456
39858
47721
27262
44243
97551
24377
93089
5853
85190
86427
97711
12876
80660
56997
51217
34778
2047
63819
1266
72430
90936
16985
21208
69855
45876
49287
11138
4497
49419
20240
5214
89428
45817
32085
69493
99821
83206
17733
16900
30246
14156
78324
93693
85152
27266
17934
47408
26084
86436
60372
59179
16258
94451
32376
24424
88723
35144
75223
74415
9220
80482
31130
22176
22576
62231
11056
82888
51754
53815
88628
77701
46876
73998
45105
33272
19538
710
89026
24565
39225
51657
13320
69652
98177
84732
77121
79409
59769
22746
81594
6139
34771
39344
2910
97638
41131
40780
31871
50778
22239
55419
41781
15620
72183
3886
12287
36315
1736
48569
68378
41631
65490
67829
33738
17052
26540
24441
9558
10408
74915
12086
67988
36595
65701
20831
27882
44411
78358
44403
10236
51054
43037
39195
88714
92607
55260
4150
17778
87644
2262
12848
44645
73594
27544
34520
84891
78285
43188
60043
76162
88981
74679
99831
12292
48846
39626
92318
95921
28433
85967
5146
82636
84336
23585
27442
15968
74512
46679
30783
61580
43167
90200
42723
48704
78280
73914
35189
60083
78950
27650
59740
66540
29107
1804
96283
8351
32339
50500
85428
59568
11543
67329
61639
33880
55617
77152
2394
70950
34623
83209
26758
18285
9593
11712
62528
16243
39550
87516
25132
69489
22871
57377
67277
78641
72094
33679
84252
66320
44531
90773
83393
89373
78566
67722
57249
26045
8274
36957
89448
8974
92153
9306
24810
21052
43743
7023
60707
59772
51032
93325
24778
78899
82707
70274
63896
76187
97132
14831
44892
37033
77458
69504
49997
7328
77861
29822
23177
7221
45416
32708
90617
85523
82099
77755
58817
76237
97523
41581
95153
99345
51082
73250
85244
42374
71112
54441
87809
82347
87723
46728
12251
6856
78322
6452
42928
17777
69712
31698
64823
10562
73297
61060
74538
32646
10599
22839
34512
3863
6488
19344
76659
2993
26896
62396
84966
39148
10579
35986
41123
62696
63086
43902
97273
60704
22768
46902
2358
6267
32759
76567
89432
52248
9091
40775
53793
11045
22670
55391
88630
78748
97888
6319
57875
11131
60054
45213
31812
51843
56517
81451
9607
6175
84253
79876
48707
86298
46012
43810
37150
74822
77099
49348
98604
54940
29373
9338
24636
57933
1116
52414
47978
45055
98409
18530
93310
44155
7512
15615
57149
45558
29848
6221
88731
92665
78404
3789
13109
80632
36929
7353
33429
57791
26248
7491
27274
96897
45279
49549
41020
6051
82944
40475
56161
60337
90852
14529
64849
25252
43396
12650
20712
30316
99675
27734
88353
30369
95613
96764
18010
87285
16334
89533
95067
9715
60447
25993
71173
69098
39866
7272
47287
41275
19673
63636
22094
20345
11393
99248
80080
10849
89684
57481
49641
17946
79804
9076
24984
78922
34248
63292
38951
32874
70697
37216
13484
54575
38050
82931
32314
26854
16221
38325
47751
49817
82693
53443
16205
4034
87632
82261
39966
3496
87136
56429
84912
47365
82103
12879
30630
60526
89798
81104
69331
79358
63479
63153
68087
82224
13381
34937
72922
9667
85338
6703
35516
53028
48917
77884
77500
33831
37237
10332
69189
46929
67179
75311
99126
7232
8615
99990
64759
9366
54828
78126
82705
52369
35327
48630
19761
68816
41306
41412
19614
51553
59033
21802
50624
70884
51127
95576
47928
38002
49278
17379
44887
97611
52316
65282
74396
28971
84298
5951
20282
60329
7532
40838
45514
80804
70992
56260
10281
19502
44588
16061
74219
7007
31118
15048
73371
77476
45532
88127
96546
70375
91090
68931
82140
5143
66129
20295
27011
73161
6525
97675
8489
30892
28688
71382
15174
76714
41851
37791
33830
50255
99502
76444
71475
70828
72023
15879
29702
12443
7389
93296
13432
76825
82625
13621
89966
39297
29671
73006
82103
70357
84215
95361
32774
65283
93375
63743
60395
28023
82411
60008
15618
26364
76234
25395
50668
68255
59169
35169
52046
77833
87433
31807
55843
35110
93636
23450
55352
22280
62579
99066
45781
91453
50197
63869
41798
12550
91402
14064
79097
29406
66439
84255
29800
52622
95266
62525
12454
47978
28142
74566
602
6557
61036
58288
56463
48749
51050
88694
23709
41388
79993
69928
95970
53019
60871
84364
36482
78702
8993
63883
43199
75403
10575
18870
64087
65621
27110
8868
8463
56501
24356
42043
57214
73983
74718
47713
28462
88150
12185
7395
29639
35791
37112
63305
34985
69137
34964
16461
61356
67676
25456
16838
1336
81298
43146
26138
85815
73335
79992
14674
47595
90437
95794
175
60111
24186
55880
30441
43794
4029
22473
45
80935
47539
72787
49213
31406
1762
46082
81579
77684
99175
60087
23149
46128
6224
36773
43389
41856
92498
43404
7991
54478
31938
25595
83810
70775
68272
34616
89150
736
85033
67626
91672
48117
46949
2440
54711
17286
78156
35847
76637
40389
29044
53679
20639
28117
30287
43148
41538
82028
94901
57120
48064
35294
31009
61097
36787
91688
80156
38609
94723
60327
33347
84274
18859
7391
61102
78974
7568
46179
14066
2529
79378
36723
84774
65857
28994
5331
97373
52507
51769
4160
53629
23189
4029
81368
8036
46335
53418
69065
18602
1816
61785
49668
97794
60088
6023
28331
41807
52564
56226
46597
48291
59531
83041
89384
78591
32803
64238
31963
12006
79049
73730
51797
52940
57163
47250
65335
35449
23964
57947
40253
29469
42447
21376
88400
30228
82891
13596
42460
59935
62344
67890
1636
44989
82443
85983
92430
37079
99440
91764
54197
2862
5930
4773
71735
85644
31548
6218
79925
39708
8096
61322
54738
72195
10175
73146
37467
71905
95753
72139
85847
57821
70969
54312
99389
86126
39886
62973
34524
94757
10199
79484
39939
2891
88586
1471
51605
31679
37767
99054
31662
78488
98943
14173
62123
25296
79130
83044
14325
48360
10341
39799
69183
51576
52111
15871
1473
81985
42671
53820
70778
60814
94962
81450
19598
637
93230
9461
8093
45879
91979
64990
8651
25271
74778
81881
54158
50378
44900
8417
41114
9975
68065
6648
69475
15510
26356
90085
99731
84828
32150
35036
80711
23946
62511
80287
34835
23085
22587
24879
49291
80599
98028
87049
46087
83025
77334
95267
99427
7146
12091
25887
5844
57199
50394
62105
4469
67709
18369
17938
50635
83712
94846
84351
42279
97936
51518
18224
56301
21592
83039
4083
66085
90405
8261
53753
63923
13901
71695
98135
81027
88904
45288
18287
35019
38631
22560
62614
13535
14011
97308
1943
56659
93106
62778
3574
7956
54150
29024
42296
68242
31731
96354
38857
59843
86657
34984
27381
52997
36956
22741
10116
80141
28667
32453
94716
71589
57826
79
12547
4194
71521
62908
15403
49160
79906
80495
83208
31946
69359
98979
9526
5583
68976
87777
68391
38576
38794
5395
35297
91164
76574
56522
22965
90744
17972
24694
89529
23991
48577
68130
5855
30143
15618
77350
51483
29898
23777
14036
12788
77911
88574
23664
57368
4175
19225
8485
70585
64859
65039
57159
55386
31792
39035
96037
95956
56588
46718
95818
48770
75117
84850
44888
60557
76704
47500
2395
41149
87561
5517
31802
53505
49179
22905
67686
4476
61596
67068
67246
22557
93267
42894
155
18644
66601
67197
94414
42306
59710
63248
3939
57463
83683
77353
20632
53681
2516
47665
93811
28715
58835
14000
52403
97635
28919
29422
7707
76649
4225
14800
79228
1491
5346
71764
57714
81226
7038
43284
17182
79652
11904
98807
52412
72871
93201
49369
58834
24801
28240
17437
86152
8946
25504
64171
81182
57352
5762
57803
35848
57910
6891
70872
72180
51650
64187
37845
86213
564
38580
63856
7735
24506
75278
23950
53720
79200
53030
74295
14255
10799
73708
86834
53814
60571
47729
74709
14457
74897
96855
25520
72987
77710
41500
6969
19743
62338
97184
9661
63288
86848
7554
12628
45287
94514
65199
39599
24158
83064
67390
25765
70694
83652
83528
87202
32529
17362
11931
28204
27200
90785
52842
50824
12678
91188
5602
79100
64704
1927
61621
69505
7814
39550
92774
43098
5350
70786
16781
78949
46341
8840
77671
79205
2674
52877
54268
70037
69772
22979
5701
53093
22596
74651
10174
73490
3354
45193
10787
65837
95984
72579
81174
19914
57510
55539
38335
37362
4709
61759
97063
37162
66298
34390
82571
21763
79914
24770
97468
90162
72439
29650
18569
41163
63957
89283
34443
26660
96210
59969
9521
88442
23632
95603
58560
70916
75225
39211
44927
41370
44677
82688
43891
78015
79271
50911
98832
3952
2015
10640
89310
60311
20355
70830
30122
97269
1935
80328
73155
57469
53308
23066
94199
33803
52095
4277
94991
93167
17694
87256
59254
63076
30867
99558
56351
37117
62365
27727
17424
45964
17313
78562
76860
70605
41304
72505
71485
27574
77413
35229
39894
94324
95125
72148
68252
40569
45875
48479
3458
61763
76082
18424
89579
69158
77129
88605
84759
45437
53527
59515
45031
74462
7849
88475
80469
58798
99946
5978
92890
29886
90151
90579
53786
65334
10416
72899
90005
28049
17300
13089
21311
9571
6311
59085
34784
86623
87999
48243
72325
54745
6701
92917
41826
48090
7947
20643
21152
83023
67051
53784
44282
38023
73511
29445
21415
98236
27311
62710
98982
50510
40006
28059
85071
19196
73545
6494
44446
85164
2663
64234
36042
59829
26450
6641
37867
55620
90306
87693
93927
70647
4521
51616
92663
44591
27929
1042
20960
24130
41573
34849
46338
13048
7549
23566
81938
2788
370
52387
23378
81811
32229
23374
8503
13488
23830
15729
47703
70018
63793
36593
90464
59567
15956
6370
10408
93247
21152
79223
93727
11941
63155
34793
89725
55695
41941
87325
21974
89212
4833
30330
13404
18163
10609
79835
71636
96962
11091
25669
74307
47247
65941
29684
91551
86916
47203
2889
93214
52398
31047
68973
53228
51142
27598
44743
88389
43606
6138
40509
48885
50760
32302
96121
32682
32788
63730
78792
96815
87939
43878
47390
9589
22442
14473
17758
54243
26353
1453
83015
12504
38969
15225
57131
88867
81985
43678
62708
10878
42692
3531
23100
29646
45718
8541
91707
63443
8493
72617
648
8566
2248
12427
14877
28563
27907
13794
16509
22086
6142
721
59295
39974
44923
27850
37546
76594
31824
16268
9927
63939
55837
2693
59432
78683
20251
27222
99198
75351
72134
89167
34326
44961
56923
66530
45265
26095
27535
93905
4682
92163
28040
80148
68815
86977
86371
73740
44472
17851
37056
62238
81986
79544
30649
90672
31988
88170
28636
62516
31685
56193
71398
76485
84112
39450
40183
9476
95694
17463
40017
1020
24856
23408
56964
46110
98502
54758
68517
4239
82632
1918
74748
39150
23765
2021
23479
89624
78845
83363
59479
37267
98936
27808
46189
49953
41049
31780
18118
85698
43965
58380
52
51331
91686
51242
58715
19483
52720
48996
4692
43032
59254
22790
901
22368
64453
81695
52714
99957
14899
21559
91612
22979
91180
5224
56042
23427
18207
75975
48417
48167
23785
34434
81013
1688
11880
35355
19717
8740
17843
46551
89635
64172
94717
86023
56897
46886
58551
39735
6815
13986
59569
37644
27930
61627
15750
82305
52870
188
89998
50255
20044
24473
53194
94044
87021
246
47575
64498
90928
43128
17479
72835
57104
80487
17923
82951
48074
59555
40200
98158
943
59165
13553
2870
13830
71132
42854
58804
94093
96246
98358
81624
51701
21808
34393
55277
7229
3086
70777
73799
23648
92777
64511
1820
16900
79262
54761
87646
80001
86652
56716
87220
2996
8907
30125
11644
34458
43996
88162
50186
21619
66679
30558
39562
55174
66846
106
86867
51922
92424
99896
24520
99906
55071
27768
40490
53388
10389
82594
30981
75015
19858
70315
49753
12402
29692
14292
94491
56404
30875
29557
80480
48820
16619
22285
19625
15552
42050
47782
79604
81037
48572
6560
68831
87867
20751
21211
13432
11094
42927
21009
11254
46770
1057
34440
79964
9310
60419
55985
1299
39469
63873
55415
27469
73365
50465
5977
53761
52976
61165
18082
7290
35520
30113
29931
96075
91394
38994
35202
26911
89779
79619
866
45313
73577
2912
72272
53176
7056
45270
35923
31061
69871
1965
5184
45509
33848
79492
83051
73765
18621
40614
74333
60044
90398
44946
75482
93235
63907
3029
35907
27399
65999
30207
49849
81688
95319
56252
51336
4593
15371
91978
74298
21043
46551
68656
85714
6898
93513
45458
13402
72394
84979
70067
21411
95114
235
10608
47866
29305
45454
32395
58905
26688
99990
64660
35524
39236
67856
49287
21486
63362
95132
31956
89239
78000
34402
8795
93421
3100
45249
39394
6650
96280
2059
84469
45660
52193
67806
37012
55317
42107
25680
829
9481
90460
38044
22146
17064
75759
10879
40532
41840
84595
87526
69326
24362
47371
17098
95878
12337
35822
64031
67075
88755
98830
27699
78091
12615
96541
36198
57429
14318
54956
54857
89086
19886
54292
10798
11800
41262
63536
52004
24930
94356
58349
94431
86304
85334
32825
69243
8004
67680
87700
69817
81390
81192
49866
3254
9711
43464
56047
35937
90330
80566
29889
41582
15730
50987
79027
43958
6718
53423
87239
39385
53086
29941
22277
33299
55996
41597
64110
78923
95757
52337
88911
79055
27479
17425
98633
96821
14728
82295
33528
78357
34825
46969
59797
82251
67284
77992
26968
76038
58942
50831
40456
99795
97582
62271
43194
3946
597
44386
6647
17079
61054
5699
71593
93196
17737
22750
47126
85957
75366
84236
63432
50752
97630
78981
62181
30431
89453
14451
13000
15615
69777
56659
40007
88487
32199
76955
20377
29624
19407
66540
98480
31278
31369
28426
57541
15299
71679
67924
99652
94363
53041
16293
49281
36525
75024
80565
69945
47403
58002
89731
77355
35154
82132
12471
68173
6256
53507
1247
5748
45449
85733
100000
52086
16508
84786
33802
71391
55024
45468
44378
62197
70686
50608
37776
89517
49514
60448
23240
61841
64055
4615
36313
74637
74915
73371
23750
74522
28449
98302
76677
84744
25463
18390
4254
13904
30753
36611
96232
89783
32196
49617
74843
85439
1898
84659
53598
79932
41207
81860
34540
93749
16398
1518
14032
8231
17355
66164
328
207
57130
8672
56579
99694
80560
20966
82855
44218
90947
76941
29235
41284
78158
33806
61900
1895
77194
32886
84248
45712
17083
96783
86426
88512
87629
19799
3208
4074
6126
22492
79945
87453
32468
56811
74325
3219
95471
51087
53652
28620
3438
23191
73793
74714
33398
30983
54008
6484
48681
9475
96675
80171
44332
87080
49866
53260
97443
80095
28826
66113
88224
7762
94570
90661
95674
6094
62001
22404
7261
34176
5936
92039
81409
38392
54814
39462
62739
30249
67010
62893
31090
85064
49670
26587
6033
74962
67175
55909
80306
24341
13047
46318
66919
55041
97818
60613
47253
88768
92384
85743
9823
60021
83379
8079
60369
3173
92138
29341
26724
12923
9241
77366
86189
12916
35820
18308
31748
65058
2507
10431
40594
81167
20203
14912
50242
61650
72198
81374
67155
90455
97919
35632
98022
79715
92074
35051
96789
30420
4052
83911
11345
36144
58579
41213
47916
16713
78425
47552
958
57838
62558
80964
38340
46626
68955
32859
61861
72907
85258
5951
7485
55856
79778
80674
3411
9356
44924
28508
3999
65239
27272
92441
22048
66820
48030
51867
57679
64339
37131
16358
29105
76586
42175
96913
22582
20306
95660
15724
42603
92201
62176
19677
10735
75612
63144
74304
39775
23076
25230
60628
41876
73359
41407
32181
40023
63912
54399
71618
22369
42572
85065
62072
84481
76338
79747
53180
96857
72165
74413
96996
92262
15166
82802
67566
20225
93627
86413
73313
90561
92281
72698
30101
12871
93392
44639
63456
63455
67670
25317
65876
78827
83063
84049
63347
12450
53218
49841
63
9742
52414
22161
23019
52558
50217
84283
16939
23505
39136
88475
15275
94266
18114
36580
38281
56518
69848
61420
92281
73454
45219
39181
28991
71679
85883
49186
41748
97848
85250
62066
11508
13463
1104
78320
58208
68325
90410
60361
63131
63628
55266
41960
63458
74516
84477
40009
70431
16742
59848
6581
89181
88697
45688
48396
63333
4361
88298
85480
72774
80682
78903
17288
20551
9782
4070
33291
42633
70050
27456
23977
12616
19823
37199
49184
5919
83706
60734
36353
22198
63956
59826
77679
46813
40126
19941
91492
65978
90635
7355
52633
97698
39827
48242
93973
87568
360
49106
71406
69687
77325
20724
62618
70836
5240
29446
2734
94430
52712
18192
1936
88931
4530
18060
74287
29770
30543
77363
19345
89588
86639
53557
75178
98667
96029
60794
9849
34775
6345
8228
34242
85988
71049
47773
69028
16486
65139
38971
29669
48817
16476
21097
50241
18008
71993
32977
54033
1597
56316
40567
12515
5364
6235
83228
91105
61118
60504
19584
80631
58856
77314
73141
46913
89023
40966
44522
14730
92312
16299
62968
20307
10026
93586
37109
30081
54434
12727
10283
93879
47437
75421
96221
90726
58815
73904
66448
89887
80132
17943
92030
96730
19346
1395
1706
48593
5018
63569
25835
40478
49571
66419
52859
55866
86577
26415
97439
73823
45727
9806
8468
51678
24034
77055
53248
20438
89827
27889
91847
41485
71235
85814
56280
86451
2578
92903
48294
84033
10261
40028
83794
72647
57965
22958
46491
43917
25863
73754
73462
91659
19564
49698
11022
52287
23513
56234
88291
93056
92585
9313
41402
61691
94965
72111
2513
18366
74324
51878
72573
75600
80252
49596
31461
88518
9688
44507
23934
17822
54054
96763
85823
8555
79224
8346
96670
45100
81577
87991
9241
7252
98377
97823
5028
13997
56148
50770
34293
95721
58253
22013
52322
57799
90726
58887
55834
12238
32065
73355
69656
3862
77908
40044
11686
62937
24387
20163
32836
6208
78115
29084
85306
21656
18548
25112
42311
33180
4296
60940
30359
50339
20185
94825
48648
93606
65085
47313
82983
37728
44686
63079
20743
79408
12139
74845
19742
74131
15200
33412
44362
19161
59516
77670
73570
84914
2042
62017
74602
5830
13405
30605
59563
72878
5969
33248
9689
52623
29569
75068
21208
20125
98262
73023
45935
27835
14360
46217
95171
31984
53633
81342
54057
69379
8149
89087
68806
13163
20673
64119
93655
91616
2600
94505
76390
93831
39448
1722
380
18776
28849
40649
27926
21876
51517
1219
78037
17279
49494
29811
88549
84218
80789
77028
16889
86136
61351
91056
22105
17927
70990
41439
26433
99338
50569
23996
58599
73808
15626
59253
32302
59006
95789
66273
43522
67184
39426
50332
35625
52789
18637
95029
82103
98089
13773
95723
25188
38593
18314
80560
48415
63430
56622
14831
48934
70039
79733
35067
63695
83331
62822
34183
25442
62006
13273
50237
43086
78607
38239
33722
2555
84080
34702
83763
27072
57736
23062
31591
21696
77857
9552
88124
80881
4913
32288
87195
66729
7985
72647
35805
82267
65402
18638
78183
76619
89394
56087
59962
10846
65842
27665
83479
59317
43455
21442
48875
57988
21949
68376
78317
67841
34448
83218
23913
70165
57458
61598
94909
98136
58887
8612
8227
88454
30650
86691
46667
32538
8136
63809
83789
92577
64853
77010
71460
25106
32367
96532
94824
87520
7226
72718
84816
12314
78604
42611
19130
63895
82322
92510
68534
15440
38555
23279
65386
70576
41861
63249
55868
50405
29296
53739
65824
54436
46443
47795
53247
90485
3795
71532
87816
84448
1979
13334
65529
23034
49561
9960
23838
61198
28439
46046
49028
30611
54717
98213
53545
27820
68353
51474
49920
17026
91548
55501
57113
86845
61536
89322
10266
37681
79117
55575
69984
49651
5144
14260
43230
71675
46389
2615
92430
48350
98685
13409
2952
76431
78136
62215
38118
31330
32470
66094
24081
43628
23322
11659
82442
83419
17450
78180
92227
96398
12809
23246
13859
48411
10205
93336
82405
93474
84895
55514
68396
93478
55648
52199
16031
49748
2185
33521
54918
80323
95595
27888
81274
39943
60929
54347
13883
8542
26814
41366
20442
87242
36897
54084
15401
29619
54694
94099
50081
61971
88281
52204
55257
36664
17032
71890
88367
13085
90615
4899
59334
33086
93478
75320
63747
44751
98649
50675
11607
76195
1476
66730
69427
41480
63853
90711
98099
68654
11336
89546
38215
12185
66035
92777
74687
85333
54544
34617
98710
76962
69618
78502
51064
88726
63810
93082
40655
756
7055
66558
58938
51957
34047
53866
1227
20939
90506
50464
60902
49670
59535
46998
87263
54831
34246
7096
47837
32777
71338
18858
62092
46778
80194
78042
18357
57893
98396
71877
40662
6658
91565
87572
63755
50873
96833
64519
98177
23626
95878
84067
94176
15885
30663
94484
48734
98767
60891
51893
13075
24686
10875
39666
18901
35837
26550
47525
88530
18744
53509
27145
41135
27520
21041
49171
46958
64383
48723
3047
40136
28989
43337
93362
60650
84115
20780
68358
78989
56857
16874
76860
79375
81339
35887
74069
87486
65417
47865
12967
62737
6965
66553
86497
29656
39464
79990
10920
46942
44843
40430
84524
19439
97637
26723
38942
27729
14831
71043
99003
10976
78201
39228
24850
43160
22616
44817
73192
31907
96593
1305
3940
92974
90093
26136
42746
28216
78867
71832
7797
10003
37782
90548
34132
76425
12545
56896
63354
52218
63514
9563
25147
16220
55966
90369
86780
31475
40875
53906
89619
54860
4990
24744
83349
58811
98479
93695
39224
32517
63483
12389
64196
96751
97282
74476
38102
43123
75852
27002
80178
90611
32846
13004
65486
98949
30999
22926
54961
89595
4255
45879
67864
35330
9063
30851
56107
76108
81065
7412
62730
87761
79210
21005
74148
28671
91873
74104
42210
34141
3160
60048
713
61627
72795
99565
50567
19785
88146
92043
55950
64558
23554
23854
64948
52629
54861
31096
96707
3136
139
80224
58720
30823
78669
73861
82247
31719
40049
99054
62621
82911
15436
259
43082
52336
67785
2368
11801
64015
49305
8886
98580
64635
78023
68900
15882
64474
40789
84555
87911
28898
62196
41148
79591
25253
51688
49768
6294
1241
36147
19475
85352
32802
29532
97771
31466
5838
48666
52050
5398
58513
65207
39807
57693
90205
54201
62405
77674
91953
99450
48197
37405
76155
63064
47036
15531
14039
81629
64424
43610
27332
99065
42834
91186
90777
73446
59887
74575
70513
11994
73559
10078
80377
32908
58344
73531
5859
37458
6315
95939
99013
82486
39874
55535
769
80126
17891
46609
68688
62189
22593
55855
99964
54104
39076
1939
31519
99073
30230
44921
49190
98745
83472
65867
60742
53215
4079
42525
79862
99954
71773
83124
58654
72721
6740
54934
65709
37516
83765
15215
87329
66579
41114
29345
37002
5871
39154
98462
92367
64378
12064
89166
693
8128
44803
63170
15249
86874
54095
47382
90504
83230
19253
89640
86591
1534
99028
34040
2507
91930
18506
13018
23795
90072
58189
85117
27854
15379
71652
23894
99267
1441
70642
69849
6329
81146
33051
94812
56680
26499
40697
22161
62697
51297
58866
5267
42814
29456
83224
10668
86295
43957
27808
83149
16943
79089
75273
5108
38820
88023
56952
12997
6038
88708
15538
63272
85332
25971
96119
3094
61964
180
36566
3532
58302
81839
58605
6498
73464
98007
91539
94827
23317
14492
72203
82182
21891
10410
13872
43528
81493
30770
53862
99691
45873
5026
24858
82698
17924
1461
75127
25461
94711
50171
98599
56595
24358
43636
93301
16765
91998
52123
1586
28579
34044
58803
78324
89518
1366
914
96916
41738
10051
31460
43084
45367
53977
30916
76134
8506
45270
92123
91736
44942
49308
47858
25577
64997
59003
203
41910
62458
59171
26730
9365
50667
12552
20558
99425
41309
69157
77654
99546
88793
80501
61819
49633
31534
65162
82728
56532
32716
46112
81519
4242
7843
62648
87865
37248
16599
70154
76113
65770
70781
62083
46999
28217
2081
91696
18088
98226
19626
40866
16721
33353
60327
20537
130
65579
90139
19795
11906
8067
29803
23519
54462
69024
69056
18344
59212
79695
53180
49782
34222
36758
629
54281
98897
70164
76272
13161
7936
66470
80786
16056
83001
34623
74829
44027
15904
17886
63801
15435
6849
43506
82274
36277
7168
93058
98699
72479
62288
58414
65986
85319
3884
15515
65392
91492
97136
41246
82270
22797
45909
13626
8379
77706
12666
50761
27205
19290
21220
73768
69699
99271
23200
20192
60491
23450
29214
85612
80857
56337
90438
35727
70673
14383
12276
60016
44604
73684
82994
77409
16301
86155
32430
61309
33431
69403
74504
95158
70974
94291
36332
90243
15515
84970
33675
97238
74233
19077
23938
80476
63757
7282
11086
3222
26077
60334
98297
74601
45090
95158
50285
3771
19082
59753
21287
79349
72268
8424
57158
8437
74885
25223
11497
40284
8807
58069
24295
61615
88721
22030
95823
42506
34840
25988
49071
91511
96719
37751
56924
24337
9940
65062
63203
62341
24246
61192
89692
46627
44921
25300
26331
60873
35217
11659
36598
89796
42984
87939
57082
74179
45611
53385
19266
20469
58020
69817
96502
1722
27592
22213
84380
10790
18394
19552
50035
49150
45067
36100
79208
43150
20611
99240
86709
61666
70773
73991
69537
32228
20103
77934
47180
31034
80852
81844
44370
93374
26129
4907
81116
3489
18894
80752
75324
77533
96291
47684
66757
84026
16701
53419
41207
24433
40733
76799
85282
83385
34339
48711
92526
38604
6643
66145
51163
74717
47941
82768
75073
88451
61313
46298
52656
57759
13655
7907
2649
63192
6104
48616
8563
80632
27086
81931
71856
46263
60328
21667
1490
33025
76586
58610
94300
38969
3254
8398
68668
59845
52560
63724
14135
90388
28306
80257
5537
93329
86572
83996
15759
84152
47144
11648
26435
61629
88666
37266
34477
30202
19159
80422
12047
45981
80761
76444
37975
37221
60291
34144
43066
32709
72437
82458
88114
53908
65176
92526
22553
48872
58608
76695
39526
71636
24758
53394
86358
11824
53003
50259
89791
10548
52245
33277
77952
74680
57533
73449
23015
47859
95222
29141
1294
41583
27718
63382
37310
73785
13939
88577
90553
33167
16754
35655
63767
45418
72140
85696
81330
99210
99632
60051
83868
94478
13843
50342
33949
70485
77545
46223
62189
68032
30312
82762
56388
341
14938
34669
8363
58800
78876
60757
15026
24082
3664
35863
75792
33987
45965
16224
97083
59154
9530
22373
46436
13013
19438
37088
64539
23887
29314
40608
83546
10563
8259
26335
43408
65116
74024
87238
52650
60216
55519
57376
21080
23635
12254
26752
49987
4125
51238
82764
41116
43037
21687
87838
20438
93384
27838
65303
82761
12147
39544
98132
14993
79356
23745
64583
98432
62146
69542
55756
18759
90895
77763
98295
75949
34521
93659
27052
15836
6832
54183
4581
36745
98302
38490
89989
22170
50962
27803
33757
15085
32330
75321
22171
37005
19185
30872
39718
62354
38511
73238
61783
41971
6658
80482
84596
86054
76005
718
50543
99052
99733
38502
34910
11026
95964
47650
46859
7723
84297
120
58103
29870
29582
63889
52843
23284
35330
40668
14089
46636
65560
46749
62430
47905
18742
83757
62212
45549
51559
20847
4744
90758
19081
51203
67505
14769
57025
82706
64813
30464
39068
14583
89547
47685
60543
54969
95607
11277
95002
57948
58275
603
7044
98497
87815
25585
92961
86956
18896
702
51529
10617
79933
59673
68836
94285
91787
95546
11128
54248
19857
71968
85397
95900
14364
71414
60126
5003
92344
30601
23710
57599
53753
9656
82228
4375
66547
28130
94924
61936
23321
87882
62293
10794
42743
80959
56407
15550
72807
33610
94364
27980
85601
7252
46014
86977
53244
60644
54854
32009
81729
19886
1308
35868
78009
21284
22703
20706
36109
58693
68827
64048
37838
85513
5939
73745
95678
65003
50482
1122
90030
20432
14226
28537
62440
24992
52064
12689
27705
15090
12721
49879
25229
17706
83315
96308
63609
44939
70503
61250
83452
91710
29090
70695
12684
20776
85852
98605
74702
77387
84304
57087
89694
93613
66342
51897
72856
88307
67628
90706
86287
33827
71163
16718
8133
6036
41946
62958
29584
854
6572
97862
58289
29120
2036
91085
81212
34133
24636
82781
64704
11457
32691
19793
93760
24782
66638
79185
22750
87041
15718
57031
2468
95837
96226
23574
41679
27723
53928
30684
58899
21793
81294
4112
78760
58370
48663
99545
83081
20200
13546
54971
83027
12580
65287
65153
41774
76433
45290
76886
93224
59320
20003
62081
42663
5244
43448
40832
57248
24243
10675
65032
22414
93281
88886
3872
58819
83986
86969
36783
76918
44641
31679
87345
73046
49431
79192
32683
82211
27449
47718
73156
2449
73092
75073
82043
4034
29615
42240
49354
152
54673
81095
82775
20842
12932
51946
25897
26887
87746
85862
57120
22127
16596
26505
38317
24564
60961
38230
3351
12929
96723
21638
50078
41904
83269
74625
22579
48420
23274
22859
98240
97327
31507
81149
64784
92240
92510
92029
42310
22492
10070
64191
32971
63354
23275
9069
24463
31670
53822
1833
45263
53920
42694
28909
29260
18832
42416
89964
98549
73131
37954
23746
35963
42511
28443
52785
84154
89
729
82117
42598
33808
92766
83092
70806
52098
82599
89606
93388
79481
43730
25151
87558
13049
71680
14845
77255
8501
98402
41529
38885
79404
46480
25979
25713
47370
45296
83861
84452
88242
27026
43594
62351
81651
50344
45857
39464
11287
54185
52476
81720
13467
600
93579
51462
16716
17916
57222
78469
8229
45352
93829
7064
86375
1748
28970
30753
117
46833
71342
39376
26457
40188
38946
37159
32474
44489
67171
61339
57932
99660
67996
45534
63878
43008
16445
26893
60950
55921
74245
33223
8210
39305
19395
72215
22529
55470
8909
12870
68624
61715
66432
12842
90327
17527
72539
76958
40485
98004
649
97440
27223
43994
83018
52699
4113
6993
80511
22491
53315
19612
88781
90628
87107
28877
22183
91146
14727
37069
55252
812
70356
61535
8706
98001
75387
36424
59608
82043
79334
58337
45605
62086
90713
93018
96940
13213
66345
19328
27129
33535
3271
3461
18595
80097
26010
41618
6871
12337
85598
20717
76575
21097
49902
96000
8560
10402
17020
26543
45973
1056
35687
91468
21248
83039
65227
48798
3373
88106
92852
29419
98450
71682
44848
85981
31019
88114
55388
35038
20269
73045
61743
83408
12015
56438
86645
41202
27516
42784
12152
93366
18457
97702
22671
51045
12728
58022
28371
61852
96447
42691
82989
19597
16838
61940
61126
3611
83657
57422
32643
76229
74837
99064
14397
17770
91552
67494
48013
4379
40922
16134
71004
60884
64741
36323
4650
51525
24136
27692
75368
46754
34121
79477
84229
455
71962
71616
53185
97896
25723
915
55856
70279
97319
80068
38069
71087
27251
44495
41530
59972
56146
98443
61979
48191
15065
62552
56676
95613
97093
79542
9403
78526
29045
87154
62739
44545
33329
32214
35989
85955
11642
87279
83547
43951
26561
19098
18465
61774
64097
21736
93654
35210
62134
45805
75614
85924
14592
37061
12321
9859
53528
54944
43873
50520
59990
34783
81229
68443
96133
67959
62136
25760
13276
77309
13112
14144
69076
38029
73173
10673
85877
76684
39570
75224
9833
97314
23259
51386
56932
52780
96443
60689
5281
23758
6246
57661
53764
14379
73287
66364
87410
35210
16590
88523
99397
92790
1819
91320
38335
97249
5000
83152
86204
51739
90063
5263
48561
74657
20380
58625
31823
60686
53025
70763
8700
51910
11079
43245
97911
70353
57973
50798
50520
85535
70171
61011
24776
49079
80513
59936
91706
5643
29569
76127
98564
94898
43790
53605
86482
42949
9691
79802
78945
46926
20119
88982
20417
38197
85213
88441
10989
37798
83066
77313
90555
18972
46467
74811
18630
39253
44930
89263
49431
54014
56152
86353
5460
45402
53626
72898
93591
19188
38304
63545
14332
28749
41142
4911
73183
59793
67357
78351
75209
87588
60537
78676
10792
18683
46775
90298
58249
14049
79764
81012
8378
86474
86410
79188
13779
9053
36597
91093
98459
11428
50912
96475
36985
64076
34452
58224
32145
57045
47594
19804
4345
56568
31265
46353
90754
47731
91510
82070
72874
58909
46002
70918
12194
62288
90719
13317
8066
11422
11962
74372
17451
19317
86475
65413
44403
6326
73
67648
20918
39401
65497
67913
50410
75840
55980
80038
11786
12063
46342
33496
91694
35858
58354
46769
44236
57385
35220
23891
92946
91815
53737
69194
45943
66753
501
64367
89269
89173
29034
36518
74407
50855
82817
87509
97044
57197
27615
19941
81341
76668
91867
43799
25943
59040
81835
79811
46620
19098
93826
95210
69692
37065
64733
42470
50619
13334
55375
87750
43179
30585
12731
7778
4950
30862
53984
24852
49608
69031
69409
15748
18755
95055
97778
53329
81257
31375
57081
96074
92373
8652
79278
93323
5107
75846
64206
13471
69131
10567
71809
42824
42373
54585
41380
33661
33519
80728
24886
94478
66673
11427
16716
22332
49994
86379
91201
30406
73949
33413
30962
32486
53123
37045
78372
65556
71195
52249
34152
74108
55713
81671
58486
70169
28756
24441
70789
16696
49499
86267
58672
56420
43088
23435
32203
79754
79044
53528
95571
77859
59401
92347
8893
3668
17933
47302
20921
71581
78278
52375
47065
82993
69339
54083
43247
82956
60272
4795
73856
6307
61485
5089
72293
52044
29807
25375
24138
24278
42882
83143
46093
73906
11069
98681
30445
10077
73765
14193
19782
75446
96663
84265
31439
83122
42402
43224
83083
3492
76591
19469
8573
36604
98624
11607
7679
46724
24929
14394
70672
78426
13834
92207
34799
24061
86900
99708
54925
8553
19080
27794
15297
71743
5057
40470
89607
63672
15451
98299
53311
28348
68133
52891
58020
84973
60126
49490
8111
85842
36240
59317
72904
59419
43505
14816
43607
95744
59656
16590
22119
49001
1503
56073
16070
34851
87875
72615
42357
23626
97882
93978
53657
45132
57683
6451
49858
83371
88840
67909
11590
40105
10607
93799
28143
32118
54521
34706
32237
89802
36400
78348
46197
18405
99741
84896
39095
70371
42418
70372
63121
91540
97674
48124
64438
74588
73725
36734
274
29532
11254
16972
26600
38413
36419
13366
14869
65609
92762
54982
57975
4722
42536
50932
76009
42880
21518
53096
9740
17486
43761
76591
60196
8090
43275
78006
9487
99133
31340
96072
51520
19495
90789
70232
36953
38876
2829
96367
27512
55482
87603
20884
96527
55927
84950
42199
57698
49952
10056
51260
6366
62203
68558
1267
74338
9099
81904
34750
14851
25644
56601
86747
19571
57345
31136
34151
61135
10815
13375
4409
82490
22793
26159
95384
44775
71861
16525
72603
13742
55053
47
54742
56477
62391
82313
22427
2059
62994
37340
39654
36394
58278
90597
31238
82268
98077
63901
13247
53860
77464
41039
63871
84208
7945
54938
22009
19188
43992
20105
48286
57182
13445
73693
47376
46962
19744
24252
43012
37506
95663
37691
53853
61647
32568
14599
68665
46990
43549
27878
1978
48339
20299
9986
64383
50109
28234
54111
63983
10929
32596
8768
75502
62632
46853
52334
44331
33282
68949
11593
65339
44360
28580
81269
40547
81851
85628
83741
57667
50723
38355
81880
61658
13616
59564
59424
43336
23372
70487
25494
16429
8646
70074
52501
50193
1274
41795
57577
2127
24493
69321
35287
20576
25115
58239
53565
78429
88660
45783
25406
89570
88507
54669
5071
81245
38921
96388
75063
70465
47983
41328
86276
71058
25576
11759
72219
82176
40390
6833
30815
67746
65861
16991
71079
83010
68487
38626
84664
52701
68181
9380
88438
2077
66155
30382
32964
32021
41595
51855
99796
36583
23438
98218
55101
89880
42824
1566
7874
14026
52390
36765
72597
14072
56710
16299
36420
76955
62275
26121
58224
72017
2342
63192
11949
76700
80116
64066
46341
3276
49621
59380
35266
72235
34290
70447
94232
52186
33477
3501
54204
62145
97695
89914
94811
52220
33866
97137
79073
40389
24455
12640
57284
99134
15405
2152
50667
60090
71999
13089
47949
61976
79728
75003
79529
66730
8348
11926
38981
9802
83759
74837
24258
73549
36725
94006
55248
16528
77415
63598
11062
82106
7468
28540
48608
67517
21844
43393
44627
49983
86081
5083
48902
19063
14982
39706
24883
73658
53657
41454
97784
48556
979
24619
17904
7436
15269
37889
1612
27370
3722
57785
41493
97519
52872
94350
66097
66450
45011
72931
71108
12661
64021
77541
19243
31496
93828
12210
1558
16542
33898
76606
41861
59905
12902
37189
81859
35082
14071
72041
88317
92383
62435
53923
73517
14363
70345
67049
4677
26420
93006
33594
70151
38042
21918
91490
83873
63537
62119
32803
10213
40839
72220
56793
12244
47260
71821
78519
60915
12493
81605
63313
99595
49096
41822
54100
84821
57920
48153
23838
14710
4639
15187
4058
50277
396
51662
29744
77799
47870
74812
68194
90346
14158
5164
49428
50901
97186
896
43864
6763
57105
67992
13824
75943
49922
1550
15311
39180
3224
72359
81464
20289
76049
64421
95031
41294
73920
79810
14156
19470
90550
38162
58484
16297
56532
90297
54781
42567
42732
50023
94084
847
2586
56871
9264
18741
6396
48243
81639
50545
60772
65708
37812
21886
75459
53366
66459
95074
57648
86323
91446
10833
73670
9535
71667
68790
88979
97660
86287
79301
65126
92722
26454
24657
57
59535
27577
55414
54404
56474
19535
78381
35913
15515
17727
71352
52225
23216
80400
54647
4964
49467
7287
22900
27279
54106
33108
47257
53373
89243
15459
15023
25680
87186
57515
84570
92718
30629
5974
51829
37075
23630
44167
79992
46664
84976
15085
79851
25792
38301
59153
39064
51318
59699
72593
1222
2396
22403
46402
38616
74160
85679
63434
12869
13528
51288
97345
24030
96520
14038
18924
22185
4415
42821
90715
61769
54644
86883
4976
65438
45213
16286
3855
41065
18593
63163
5438
83889
42556
71464
93207
71575
5337
3513
21342
85232
29189
6190
85845
80299
93188
42163
86040
25651
28271
82558
79144
73202
26308
72530
20300
42198
31264
92245
26
94352
44773
71388
34239
66260
7037
62530
21465
4073
49356
67243
92243
46878
93749
11345
13742
54872
69362
78095
10504
77419
4488
96194
3539
91108
15344
85974
24997
29030
17448
45423
74054
44354
8953
96992
19728
93347
83461
17727
95650
90055
33677
52363
16383
85102
95172
87676
51398
78465
24842
99173
35154
5429
73398
65956
3509
66639
2202
50775
67973
44794
20030
15185
37576
12903
60949
49540
87549
11232
48439
81653
39923
10126
72102
74249
66769
59229
20293
49898
79439
98254
90240
79636
2885
50749
58933
98967
86826
74684
39475
86534
45977
94129
19943
22746
86215
85775
31450
87823
71257
99262
64029
84405
36505
65539
14708
96316
41697
83020
89237
50591
75480
5617
91655
21004
61641
62067
8961
2564
77753
38246
84129
92110
71004
89315
45747
55651
9003
11891
72034
63879
29535
98370
88706
7036
10608
28492
14319
28203
77835
82571
88922
59688
24280
90655
22731
45108
72662
9722
47323
21223
21749
21281
48042
78041
97326
21817
51171
98660
71057
15044
22220
45202
58915
94045
81095
33626
72988
84345
95038
79095
50049
78624
59177
9884
18792
25357
47217
82961
44098
22063
97284
86990
76139
79111
66757
39293
14312
20799
32320
98843
