14362
13431
42992
18182
28309
41658
81295
36941
62843
11073
1838
7444
17999
88491
69906
39675
28871
9327
50779
22856
87138
33199
95639
57704
17429
52590
24940
19113
61690
11436
86748
5826
24538
90826
5889
96822
33882
29016
13329
99025
58485
18160
7906
72403
34693
59771
56360
7975
37173
17634
2061
15940
36500
53934
13617
9837
26889
35787
79331
57312
11452
12603
40024
11142
198
3627
91791
86541
34380
61593
91324
31845
46475
40582
9419
98411
89447
76820
69675
42494
10331
87869
63871
27444
3484
73566
41298
68004
54825
8373
65776
24565
52686
63011
71137
53883
72919
7121
48548
17842
18645
93827
21638
31780
7906
7659
33054
20923
82804
903
81499
32621
70041
28414
15475
73006
51964
58183
19932
68224
56049
60393
69598
25956
77953
69281
68595
97111
23631
85404
37370
11252
3373
50040
31974
16033
93905
93783
67926
59283
79997
32442
80530
6106
97302
51341
18737
53451
2836
51044
68071
31307
71167
87528
64411
32246
69181
96393
55778
45560
93119
73238
45058
38123
32256
44480
91976
12360
5532
62649
99568
16152
30627
68777
21338
51243
5340
52329
53193
81647
81985
96551
77407
26740
58186
3862
7936
36244
86999
28914
2495
95142
35026
1068
11562
23449
6457
91428
78255
64528
68510
12404
15121
13656
60394
46727
36751
98084
42536
89775
22667
7448
5809
76114
76112
12049
50484
93439
87858
51386
98063
41779
44399
10075
59766
31154
70786
9999
14303
4292
60928
7783
72838
36498
57299
75829
98289
82434
96109
48971
40617
81337
31095
79876
25757
20146
28116
35965
91222
18984
70333
9806
80289
10390
57253
54717
20727
49308
33514
19955
47742
81962
76361
19120
29962
40169
35992
67728
7020
26435
57857
33757
98095
29883
89839
96867
21190
16078
6095
86973
23632
4984
37345
27589
25572
80819
4868
77800
64478
70981
34832
58492
23961
40021
60353
32262
705
39136
87894
89881
10168
3692
21111
27244
25788
78095
23941
60803
50420
35267
31173
78160
51484
19354
25890
53653
27751
15910
35441
20461
583
26746
45776
29130
51105
11675
15990
15779
50191
65214
49851
41944
9448
13926
66503
24470
61388
3842
71072
9664
37931
70796
16824
82604
19295
73768
43482
56959
9190
83198
15781
98864
16601
70056
65594
23670
81071
49819
60984
73739
94015
5605
1112
14994
92362
33912
8004
25889
83632
76416
87254
88175
61470
90103
66699
4753
38557
21471
82513
26897
76278
80893
72742
36143
80649
58490
35595
69923
67145
99308
89612
45319
81031
63897
26253
82206
35800
3796
24951
45114
93571
83981
75743
51057
12060
19560
83110
46583
27853
9769
81661
77263
56565
42832
16622
38676
97729
19672
22609
73919
79932
27626
99940
99796
42729
7300
85606
40736
39845
63016
11755
82280
51779
63692
98860
56652
36599
31898
88598
98858
23731
20849
58460
99586
43261
35446
84866
50091
90704
44990
67006
76448
8584
48372
63265
72518
72166
19028
80126
36117
14473
42331
84729
38922
87439
62449
6129
46885
69333
98170
15403
24899
63536
27335
76953
55167
7881
6191
41335
93422
97605
91013
20090
36257
66223
64512
6586
6703
7566
4892
27897
28851
38935
38681
53579
8854
45006
91137
65722
71552
63911
51764
61128
53347
94669
23858
1072
74903
70582
85964
50734
53721
82036
42703
32629
85856
1909
748
43480
99627
65957
57205
49870
53082
67253
87460
5863
33351
27085
67875
22942
72259
60127
12125
88414
58779
6707
9856
95712
57510
43092
72749
2568
59486
361
41029
88023
30063
15288
16708
67283
52326
99296
71765
69720
77814
4462
95833
18041
98330
24668
19492
42181
78212
80768
29797
51222
64408
52272
90767
56053
3594
28948
32689
21144
89081
21939
63029
35387
73886
97801
76445
34309
31522
53402
34209
33675
93587
21372
43321
69471
83842
70892
49438
1575
75865
69929
42755
7682
56965
42163
11374
21218
5605
13055
48968
71947
2922
33504
97372
52830
36029
20832
26981
59473
94914
21817
20670
23345
38917
13491
98271
89406
12749
73643
99041
31943
33173
78608
54420
25780
67971
41558
32705
28318
44150
6567
30930
24579
67978
88330
5875
6218
50410
52685
12609
69114
12906
30238
36432
9575
11862
84046
65685
91567
93452
89108
87338
58503
78311
95275
74784
54478
81914
93416
8329
62173
37438
23839
72527
1699
29916
60947
63224
65704
32457
25136
53490
32562
14165
82237
38192
9994
88422
69761
95980
63736
79043
11119
67802
87695
84837
15817
94714
71595
67383
77338
80879
36870
52322
99967
5605
1141
4919
84913
2158
71681
68742
64725
64969
44306
96715
66537
6649
73363
23312
29773
8558
80102
92262
73796
74982
11555
77250
93938
80476
81654
44885
28878
3255
79148
84309
94282
99171
18963
21170
26805
96630
83712
62959
13610
64207
63251
58086
29788
81669
40526
6760
70435
95108
81186
269
25023
45267
63341
20243
98989
67376
68217
301
87197
81499
74699
50941
93347
72263
25810
83168
80612
66503
82869
30616
94846
38268
67377
49445
43584
38383
57289
77048
65858
17457
29822
15309
83244
9372
29786
23671
33704
23006
41687
53526
30386
3380
43280
4291
68733
19484
32032
82204
16409
23011
72803
86187
46950
73870
58673
25042
3740
96928
7337
57394
10304
38669
42457
53137
58075
73865
43595
14190
86116
78684
70372
4326
11377
60429
53779
38088
62943
19282
33080
51780
25194
60118
87784
23402
1548
95446
66545
21560
50229
71331
85949
94245
55416
25739
774
35092
89607
18069
47943
38223
26945
86986
66322
44924
30877
371
3694
86394
82921
22311
60314
96739
64641
28553
98512
13758
90151
94836
98874
55640
85190
3308
75757
21305
38069
14934
56715
12325
43445
31125
18585
16626
71929
14848
1808
11604
82196
98372
16607
94536
29206
90227
96592
24610
82523
57143
35589
93772
34398
63923
15815
83326
66437
41213
86188
18597
8637
74046
66601
5670
72848
63410
3322
70039
5462
45577
63558
14407
88017
32221
31302
91859
66760
34454
23059
24761
11126
26181
21965
85149
13260
64920
31854
70235
95094
19489
74221
17972
19212
55433
30175
59411
88936
57746
98437
6124
3721
95482
40816
34713
58062
15877
473
70393
7983
31649
90791
86459
53128
83696
88630
45218
80182
90548
51618
17295
68053
95019
80101
12396
74978
78959
23015
38250
82254
94079
85360
35201
10294
18258
93216
15836
58753
30507
41807
63615
84021
40164
67471
53037
78910
82422
81673
42511
66808
97655
26045
49835
41666
44106
13771
13084
93845
48967
71730
80380
10118
11198
42567
24650
25297
64374
33128
26301
46461
5899
86911
98408
64341
571
54136
12782
25714
91311
43869
95814
3594
19629
76566
54531
98664
99199
29146
20127
38497
93017
41039
9660
14522
70400
98565
58692
32405
78604
44416
63578
53663
15599
71113
63991
30065
65015
66975
86425
36919
67754
97988
13291
48203
77509
25771
9424
92772
75924
69856
20887
47700
41367
4313
85656
23729
75690
3887
2982
78469
80608
43557
65044
98558
6054
8457
19629
73004
31446
42957
55034
60756
11708
4921
77202
23499
34925
88255
47137
90367
46808
58443
11600
52703
95582
73349
83574
21510
79260
87189
24904
94084
16216
25933
93899
65740
26772
50594
37907
38639
18184
37400
66983
75304
11316
9854
58845
79384
3781
79083
72959
49716
1361
48569
17902
7068
18060
12402
16458
34907
15554
52685
6075
78522
88603
8416
83776
88451
82218
86558
36749
1596
1929
83668
47158
77343
13784
92995
42243
92585
61753
51636
33819
78573
3097
10391
66513
61694
11362
60781
81818
40071
52408
19762
78796
19914
53612
34944
43047
94084
35602
26989
86284
481
63793
2814
44694
17868
40180
71530
48691
28447
94182
81718
31225
86639
14064
80200
48442
32273
78325
83160
23930
99440
39649
11599
70619
86150
56887
96458
35727
72740
19228
69161
41837
58971
71490
53198
37050
16113
60303
77281
86355
1477
74875
42481
86245
99456
27283
66666
40745
9012
52696
21227
6397
74530
9985
61160
91643
1785
5723
60275
89847
5668
58738
58978
16870
96887
61742
87946
43435
88442
16232
93085
35534
45579
73467
20855
33185
70909
15310
49916
24039
98750
51173
99789
33306
88000
4939
21153
1153
46126
63342
68596
56393
79323
80388
35580
59779
18046
56666
17415
65837
78315
38313
92197
94369
67014
43890
93176
47145
709
22911
3185
25547
85723
55456
97925
31365
10219
47905
84533
69922
88734
74674
56680
90639
9212
11062
29997
24114
88399
28367
46576
76466
79143
70932
71591
39639
49908
29064
79926
48151
83795
33477
44129
60336
65232
31050
57727
20985
61459
80478
62130
91361
97280
97327
41662
90706
69607
26828
36841
688
17521
67864
80373
29738
39070
66089
79395
23659
20105
12876
83135
16389
85990
84513
52542
22780
90931
21955
60468
64856
5701
85022
61445
51089
38350
61226
59928
90502
49234
89216
84193
10351
18445
25221
6586
28083
24995
42479
46556
20295
74704
52284
31564
14215
68701
63533
93385
25160
7024
35811
12568
21960
2246
11562
19860
98892
61396
79841
62895
31341
86662
69832
53504
83798
99152
21541
99156
72046
20218
8258
6295
29547
98267
28851
16368
66895
56104
81941
1894
2277
31477
13302
21387
62816
87544
68884
3391
83502
48833
28766
19563
16855
28456
21459
53557
38769
93233
56226
12429
28552
97409
77417
69093
88516
57727
22207
96484
20762
77282
96886
91564
21403
43681
2544
58778
61282
47371
2816
50234
66421
66980
70021
85561
13133
83024
58095
58360
3621
45994
41222
14195
90049
90640
52966
78607
97054
24273
43541
84228
48589
61670
99717
52069
48139
85542
59284
98131
40138
41992
84630
4981
16933
16330
14875
97674
46051
16943
96182
33085
84923
46833
93715
49944
38365
61256
80184
11803
76434
67345
40505
63647
21513
335
56131
64206
31093
21904
95648
8763
21713
54469
20539
42495
51292
9794
81263
63669
96571
53535
44593
539
884
57320
10109
48999
72927
44113
51616
27135
58014
89053
36194
44370
37450
63729
83136
43598
85322
87715
90238
29118
71041
30582
86656
90212
90664
44797
39645
83027
64683
71198
88508
47874
48980
46564
77574
73463
6386
38722
23326
66950
97107
53235
25659
75090
42687
97798
19842
93563
68465
59681
76759
17682
23836
39195
27667
60308
58437
925
16205
6571
36072
44709
16200
52525
40335
18140
42420
28745
856
67764
59972
1364
61636
36980
45008
83390
46029
12074
6512
23245
25309
79287
45289
5853
11310
93346
15644
12542
88632
34125
87314
37166
38475
92675
54661
35737
22900
20391
49264
68262
23891
96197
50250
27821
96891
89393
57846
94321
95793
25062
71096
7196
7359
54244
20183
91784
43685
36243
90752
99810
47482
38886
79758
88721
29191
3011
17717
83257
90466
18012
1022
6784
48395
34030
80365
88100
51457
17120
59995
18163
81524
2867
82191
59951
36787
37358
34792
35141
32240
82910
49131
62505
85476
63969
12961
71488
62592
50395
72153
98757
84022
74713
26854
10525
86046
89558
48114
55992
77828
11933
978
90535
77641
24445
24102
36629
88866
33240
95892
58718
92571
25038
73934
10632
45923
27295
87673
7247
56570
9761
17425
96129
47091
73740
19747
17901
21346
84224
64139
69954
95022
70074
57804
97221
52717
21921
32619
86176
94415
17865
48522
97476
16968
99139
31962
47153
20186
28398
87267
94389
3055
2958
35787
9765
95321
51157
7355
77259
42902
35748
14757
63736
96105
93430
46886
30806
1128
87486
44812
48441
49543
99005
75995
9315
26535
1915
77984
73918
26481
94068
53956
74014
54635
44231
26474
42217
96077
38893
7317
97001
35908
18959
52061
59794
32222
62162
29666
41474
97164
45464
18316
15557
85360
90019
47367
29442
11093
82239
69748
73795
6001
62505
91804
14134
52534
6410
72438
32996
87539
64394
72202
43877
41809
68055
3718
48936
74508
71844
42834
61569
52768
64090
9068
58054
88340
53109
51098
46043
29249
50435
63344
98195
96574
75314
98826
34174
8266
8148
89331
22095
52605
62113
2978
31783
79382
10767
20602
35715
62230
38403
93998
59287
5865
86826
33917
69734
15513
81279
87370
89980
32487
26043
97156
84122
73081
38181
71981
93627
96029
83089
87378
72962
3001
45935
18157
14558
35521
54492
7458
17196
59023
99911
72059
78760
12143
44940
78614
99652
27950
12070
2473
45848
878
94336
18619
25672
7648
80125
47975
38870
84841
35066
63389
92511
42264
10200
30321
84382
84121
89035
98464
50458
36415
13995
5954
53682
71059
81360
36415
62171
35800
24164
16431
48489
98704
6180
62199
25020
21039
32662
42512
272
62368
15404
55415
61136
75406
59265
63777
37560
77440
55549
19466
51481
44900
34988
93286
18731
70293
89213
71186
34456
26922
56091
48047
88778
14215
61572
97874
49850
6458
22914
25242
23352
67441
91461
41669
69586
28207
87616
75676
86074
76318
37647
57884
72172
10743
30889
31962
7155
48469
2341
92169
24599
61029
92032
30873
91683
94974
12370
26944
4333
91509
45881
5735
29251
53333
22257
12944
51965
9348
92992
75825
6133
73578
69138
28482
26032
17562
34758
46565
97488
24098
96252
81212
6462
14814
53708
66508
3211
62729
60056
61587
46340
54241
21534
68286
3677
15330
11601
84397
55612
75870
22276
77109
31540
98680
33891
67895
99722
24026
51306
29164
14
44582
72503
55578
8032
36273
27818
66078
9411
10023
44213
58013
44645
47068
20308
12818
36150
62512
80173
11355
40652
18601
38824
26198
66179
40739
99047
40875
6673
44628
87516
79112
4133
57793
69800
43049
3599
13926
49390
27247
38165
901
36789
91520
48264
59727
33378
47308
58916
44970
46585
24833
76875
26530
15715
97936
73781
93718
14629
83233
76723
75536
97784
37886
9945
44174
28319
73168
37327
94224
72817
61288
13184
91128
25878
38683
38774
50071
47831
70734
75316
31482
76086
8836
73624
93990
57946
61908
64894
74203
22900
45334
54474
53564
6826
36444
35036
91617
10064
45195
9873
92647
75630
31442
95716
11241
80244
6642
83647
36474
31802
25166
16804
93690
58854
60593
20344
93697
82396
50340
549
31919
62105
46454
12052
91001
42515
98306
78635
9282
55073
43257
11936
77928
44106
89704
62526
25546
60012
31798
50115
59511
1301
28918
72723
46867
68792
37668
88183
48774
31524
47548
17426
647
79199
62191
41910
44052
3069
96414
80490
61987
28678
46743
68057
14142
96362
48837
53824
56656
82792
22425
18372
27154
50530
10052
15771
52912
47146
76377
69541
41223
70849
93244
91118
96684
47823
88778
49615
82850
90570
59302
17056
31044
4201
53627
49345
47624
222
26588
84693
97135
19970
70367
46789
80858
62406
54996
64513
34131
95362
5775
92307
21965
14329
473
52947
97821
43886
10141
86067
47128
16991
54103
2048
81085
8842
35513
84602
50316
97177
74193
69248
48253
62208
93742
75719
6694
76600
55256
38224
80285
31405
49148
93235
71016
44920
50673
66489
7277
28747
17629
8445
88989
39651
53129
4519
80538
22004
49487
40223
15975
97077
46848
91736
71738
50746
59934
61948
19706
14681
20963
51372
76648
30177
87312
23602
73578
69720
41448
56957
79618
88704
45939
84815
79021
71942
33253
48050
47899
92559
21018
99224
79519
68539
4768
53543
59530
38881
41426
89483
8148
2212
52825
98946
64860
78169
94357
77604
55546
96997
4416
74517
99693
45535
75531
41080
18515
68594
86916
75396
66576
73025
80896
20070
43132
18733
93248
68783
79817
73895
10503
95312
99097
64958
91534
74512
24779
79603
50995
61289
36877
13689
99340
8763
43666
87573
33377
98832
17232
27344
41024
78081
69199
83995
68219
63313
31224
81986
28396
47117
33102
66563
53453
55025
9392
1656
15466
31721
39665
51422
58049
3763
49479
44176
4141
80051
53944
81935
72161
24210
40747
83515
75743
75092
4520
4427
81827
34340
75193
62902
522
65985
15588
4125
20099
53564
24694
86631
5183
85875
10955
58018
71381
72765
55808
69907
87580
75605
88218
56562
28893
89254
53576
99425
93246
72331
92859
30891
76731
38571
82578
43335
66784
84166
82386
11540
6839
96446
29499
54797
79141
41755
6750
69008
25665
41565
51190
36640
26120
7107
61253
84502
79155
11170
28106
46680
77548
85294
95413
83943
17834
931
60772
27195
78019
96694
90883
13240
54684
50328
36195
45947
14871
85744
14632
20978
93552
7640
41268
42406
16144
13690
5508
1019
63731
99422
70434
53963
58109
25570
57489
79960
86449
95519
90211
36190
86996
99324
83724
68689
31365
1926
40239
32300
41239
45116
56390
8427
17770
55579
81721
42354
37763
54190
9096
74510
62589
9857
1867
25465
33355
36711
59883
47855
98521
38568
78847
74503
6043
44697
40754
46659
20386
38085
70463
74239
68929
96987
37243
29958
19452
87184
77856
38558
18006
69548
54305
95512
76489
50237
51076
66840
68738
89374
52210
4291
18218
14415
19374
21393
54189
3179
75706
74749
57507
54516
42296
75268
7601
50231
15514
90158
67936
1413
36055
14093
31832
28288
64618
30253
11308
18421
69438
57384
75523
51912
49168
41997
30645
67643
54909
39928
47042
4954
41569
38881
57232
65082
33583
46168
51649
22347
8986
70376
66073
54817
70779
81655
37451
9662
34286
12675
36042
34044
7589
28048
62475
20712
38883
18856
63156
54929
93971
69246
92944
21563
72982
21577
76936
3340
94252
407
80748
62549
48188
63978
80638
26184
9075
89071
18315
63753
70238
54433
36433
99844
34216
46497
37522
30480
95317
19760
87456
67041
89880
33488
21930
22598
94158
92977
21718
65436
13128
42271
23849
60479
56373
42891
44596
4353
19417
52009
85490
24703
55196
47136
69131
92733
87228
68159
37914
57003
50589
63682
78327
27163
17450
6120
3526
20866
20150
52128
89862
10806
40306
27593
76993
29832
95994
38205
47455
20245
36031
22112
77088
42690
42097
8234
89456
97417
6159
99630
90512
30659
32038
13203
67778
78576
80632
98589
8440
97691
46438
14372
25902
55017
24237
3152
53558
8097
92877
23455
31744
24848
28148
3286
49573
36979
40825
36464
8128
61091
12750
91056
94477
17707
77165
95148
63391
77256
30279
99366
86888
99273
52240
83291
53087
36132
55609
84098
60373
6062
23058
82715
58496
82191
55473
41557
80214
3409
67772
42751
57195
93640
59339
65197
81585
91681
63538
71883
33242
7542
11643
44880
80099
66985
63384
83929
34523
22000
79836
94713
37552
21801
12626
18809
62197
32179
4776
35044
97050
32792
5767
87177
31356
50632
71883
84019
55845
61115
84253
97688
62532
34413
87427
47578
2510
60540
96237
57628
92229
25429
90057
72488
88376
31270
68219
76230
89430
2148
62257
33460
61826
27285
73825
17845
17915
40876
42860
46242
57731
36133
39019
80191
69628
95809
52560
43061
11816
62442
34773
7328
34855
24160
11925
3010
47639
26981
28903
70708
30046
86791
80712
2459
56632
50339
96288
39518
75154
26431
62333
44849
96762
73054
47330
86438
94311
84264
2683
84257
68322
28298
43507
60586
66074
24904
31290
78343
94461
33367
95581
61506
5196
29203
40646
50941
34084
42544
80985
32454
55531
78835
5968
39412
85645
85050
46089
65660
96517
55185
83508
85057
63127
95641
94667
74310
52377
80622
25559
54696
27230
57946
99136
46618
72322
99531
79270
77168
99284
88478
1742
24173
44212
75677
45960
1407
55697
9969
75296
25200
78065
62657
13665
52601
90007
75131
55811
34967
557
59129
27647
7032
51286
20808
92884
55192
32004
59755
2438
28979
39798
42561
79499
59366
75763
964
52600
98291
68417
65712
20577
29340
49937
19439
45965
68055
95126
38731
89207
77438
35110
30001
34023
4662
51632
86602
54439
69228
10370
94723
87497
24510
37666
33024
31607
31438
80855
14902
19530
87627
50353
97451
12961
82193
63727
43365
32366
54884
46124
24120
19177
72781
10846
97155
53832
66084
15360
28072
42980
75188
68901
28974
57581
6099
24562
61826
92970
79582
91059
5949
68261
62733
43193
77842
17283
11885
16691
61163
12282
76483
87749
8503
11440
14644
82596
40731
74877
47563
25146
21647
92684
35405
34009
84182
38928
10213
18484
88141
96709
13874
483
79906
58581
48138
54134
23213
52183
77838
48839
40979
44973
85765
80237
30225
38919
43007
68212
47794
63601
2405
42041
25831
37215
69050
96298
95555
35066
35468
59286
76082
69798
72088
94324
46518
9023
34642
43650
30164
40577
20532
3692
87834
29442
19798
1209
83392
36526
97862
11167
39742
85396
39672
83612
36210
29595
76044
12451
16504
6799
89480
11087
42520
20860
66921
84643
69831
41550
3392
5905
66316
57347
17584
8382
24739
13431
68644
52331
56553
39994
29589
50488
52658
63540
48760
40137
57300
5063
37214
91133
36894
95035
53282
88480
26895
91934
36589
7649
53345
98156
11453
90364
24162
87303
55006
62542
7522
5513
15321
23960
38347
87880
66265
27716
41649
47483
60917
71919
73180
31958
5608
2936
25913
88645
26125
64097
16367
18205
24478
2868
23995
17392
50271
76637
73087
32953
67495
49660
67771
88283
87598
19511
43767
83138
82342
9544
41616
81481
54183
42674
72886
69420
89257
31644
28353
53288
80348
2466
66091
44369
47762
32679
43349
8867
55240
33720
86153
77110
24272
20506
19311
41834
27199
10451
44897
27560
53488
56976
28974
10116
51149
93802
63571
77030
5364
10750
61573
60245
52780
63833
64495
30953
68017
62766
30095
11499
21794
82864
35921
3879
52858
11538
76613
76900
99468
86365
82995
65124
51430
67821
20127
73147
70880
25173
45737
18648
71779
945
75811
58474
87248
5501
61064
58555
27043
27711
9011
57279
3668
90694
36047
81622
26849
56127
77465
53283
74423
28374
73356
4115
53398
34120
93221
66197
18687
77560
21800
73175
44442
17950
49359
32380
85322
91714
78072
44639
40249
48641
11359
59120
39870
71594
35906
85185
95874
92847
7968
27373
75051
14138
75700
79672
91927
30190
2283
67376
78076
15866
11749
30119
20090
78944
52337
77085
69483
84118
30943
87684
48733
15560
31815
27735
44827
23437
73074
9004
83814
68593
95795
48659
7368
57259
97836
31032
40659
26453
44356
65883
94971
1549
40231
62041
29262
62208
60639
37541
44243
87
78484
20880
25001
30750
1545
84785
33346
62201
71721
13178
2647
35003
65814
59125
88739
12206
65056
22044
87228
72389
68776
17986
66914
87289
36156
35753
93673
83201
40245
7048
18641
49994
4364
88287
62865
55632
60688
38842
63997
65668
72957
89798
53633
48885
16003
73705
13994
88704
98563
50677
58420
88847
87310
44806
56602
65430
68756
26980
86056
38017
69058
33051
66537
11338
15410
22667
14910
65999
69984
56521
37345
48977
78033
40773
58791
89410
29607
36122
96642
31389
65472
8629
97461
52925
82547
49933
59921
68814
46015
21368
39030
68423
73591
26170
4162
68768
20813
63697
14260
58950
38324
30059
96215
12575
859
13342
49525
19364
25108
36220
83603
79376
78089
59725
92679
31513
83931
33784
80995
37109
75391
25888
48420
96151
28977
59037
31465
59987
14312
55988
3389
4108
98123
83195
75312
39272
43649
94389
32917
64634
61306
93748
54156
63805
44872
818
69144
15943
9841
86899
32430
21421
53142
91619
36727
99875
22630
21246
96609
93309
15166
11670
8216
45449
92200
46457
85130
77735
29259
86552
90312
42813
88732
26841
69096
95760
81795
86827
55896
77550
81262
5561
15742
96673
2732
11229
43006
46629
23197
27162
27160
71513
33667
51263
1102
26027
20968
31009
83839
58552
8786
87968
87033
938
76067
62269
65098
59334
80610
49962
86731
3321
20304
68581
57853
68825
44475
16352
62136
1565
78776
12835
78754
49742
15301
56657
24797
52807
41843
15429
1173
42743
52143
39181
22888
81537
67158
25523
83872
18878
30849
68649
10436
3441
48499
38870
87682
37525
59161
72812
28006
35553
69182
91232
31602
70152
41078
14544
2042
48078
13181
17489
19689
49349
32369
16379
58946
49704
94981
616
74387
90924
12301
3378
62822
89560
6848
98969
18403
54802
30701
4258
47569
92637
49196
56674
25832
90492
18948
25763
30983
51313
61584
71264
7412
35376
21447
19431
4240
85643
13506
43707
32306
36884
22038
57335
65534
79880
52293
81193
93626
20129
89904
86613
32388
15413
59507
71864
18724
21706
65048
17021
87997
73881
95318
80091
59377
80618
28438
51911
80233
42103
18037
37635
99072
71478
34562
53828
75473
85570
64875
72416
96378
33970
8224
49128
3275
14077
92096
83425
96497
37282
87441
27995
18298
84968
36116
11998
87515
22055
28375
57077
63098
29448
61882
97230
87209
31413
61979
941
94295
53699
38509
43935
83143
64551
47863
66723
74338
66866
33769
24415
22491
55610
71460
1713
49750
74939
75017
17764
20136
23868
10309
72488
83835
97369
43165
14384
11439
52677
22725
28225
90062
46492
70516
47959
89284
42910
86005
13949
90526
67604
40671
62349
34608
20608
37665
35998
59790
81158
32195
96518
23730
33683
39553
72727
1725
14210
26838
26506
61864
78987
60005
3403
70541
67351
2959
73332
21997
12862
51642
66323
40657
89905
49803
14257
77347
11335
17039
83104
66452
29606
47751
5240
29617
41479
8003
90656
41933
50730
65444
67188
47199
82466
55685
29349
74817
19852
89206
50746
5417
89917
56157
62707
48979
47731
48496
4935
81242
14483
73680
28843
79948
88963
61576
2067
41458
8504
35459
99070
3142
3542
48853
94234
11664
70576
78305
70210
56982
22120
2292
74087
96925
69250
78716
14602
18790
11103
51026
15777
43008
89034
68061
27476
37885
23859
15639
15855
32053
51080
67179
84027
44395
50659
65460
34023
74499
21898
2841
33508
38942
45110
10268
64981
82829
17359
514
94480
58627
83552
78239
74629
62997
66178
13390
3918
83977
43325
69779
61199
6158
53930
1674
38301
28234
10228
61836
62871
69002
46152
15769
30445
33729
91988
64176
79589
21711
45972
28347
30431
92475
64199
45653
45688
78047
36285
5660
32011
25579
92553
13601
82044
92073
3176
26572
23549
10011
88732
34927
22396
4843
94293
82379
57754
38280
46660
2144
31266
4933
18743
75423
25373
51411
56865
77115
9012
54451
80052
68647
95257
66038
9019
5028
73951
75987
84258
7115
37534
40753
52347
23351
20670
74552
87223
39644
89418
50732
18824
18398
99075
37613
76597
98854
48064
63807
74911
2066
8396
43619
56745
32967
90130
75898
59543
81677
25039
73713
89445
23034
19647
43964
75459
39060
94974
22851
87914
87516
35292
21485
94144
71357
20197
20232
88911
25767
6926
16575
91696
100000
42870
26561
50366
19716
89560
54038
37169
49247
49323
40687
41389
42765
30029
60261
35087
21638
6877
60546
7334
99942
24152
44598
72811
37090
9105
72868
48323
50289
98655
83439
34094
58136
96173
97918
37918
1985
95561
37629
88994
70284
94341
65732
26615
90777
25934
93396
58458
54599
17106
61619
24143
26792
90520
95413
74512
82858
47454
39495
18103
20333
63074
15597
15
7910
46118
70008
93077
43104
7814
72003
41834
78050
48538
94121
24256
70455
75166
51921
76753
81453
26716
77344
74148
17875
32020
61026
33890
74787
71141
89395
76492
61149
71956
19563
77513
60722
70933
9114
64728
16315
38709
21352
13678
35812
95516
70890
88049
93897
78815
38798
34417
64499
6223
96405
37516
40670
26042
70917
51397
46724
57370
74562
78747
20118
43656
23823
9003
9801
10503
12114
67853
40494
37227
39397
45070
30689
48014
36494
69576
69068
16511
42784
64701
26912
17670
79859
13258
72405
82506
27065
15219
50409
59893
20558
80134
43148
39745
11883
43198
37078
70262
28551
25305
28664
29615
54402
60340
99537
93583
8175
54060
32559
62989
67553
64867
98572
54773
26556
47076
89928
82325
72829
92916
53697
44013
35650
99763
4694
20346
6195
80011
47544
85038
93254
91885
15682
83155
84116
46012
16506
79297
6016
90910
43205
34397
9063
96441
34617
90082
57752
82621
14380
61863
31219
86871
19310
82080
16954
13619
89724
41658
79260
52857
73410
92636
25656
23674
28655
49292
71896
14275
37980
53155
88788
42736
43572
97355
49964
88341
76471
98296
44463
74889
27623
79012
97479
56
36131
5162
15136
31481
82029
12328
32164
91107
67083
25290
28226
296
12869
50358
95951
72822
89250
88620
54835
61059
40244
30154
41370
47707
90214
47828
87464
77154
86512
74937
75314
9293
17351
55014
16550
22105
79232
39590
51476
58552
11676
68552
5654
32528
25110
18475
25063
885
62601
36293
9446
86649
85796
80565
2556
8266
64533
4306
78878
45044
96895
66883
70799
71144
91033
81021
68230
80319
9797
16613
11807
82015
55515
94126
48761
16746
56879
88399
54444
26452
53389
20598
11830
41140
86469
34521
71049
91308
68974
82401
30289
32534
39432
55578
21357
86983
67706
49281
84874
68269
14286
26798
78034
32108
83171
25064
26513
65188
90583
51418
96748
45047
3736
29461
94407
52915
31576
91514
56586
17909
70705
92334
56478
80735
97690
84312
57985
66022
46857
66532
8386
85008
76576
72308
29768
72334
82460
37177
5189
134
86936
58523
93569
40122
1872
95371
53160
44372
77205
75416
83211
55147
50237
24660
84967
6370
36640
80159
96366
67389
70057
31143
88754
66068
62070
60023
26956
8630
93451
840
76610
13916
13848
15938
19551
21497
15476
91154
89050
50171
96864
17429
70675
67386
93715
75900
58319
13775
12339
21296
11994
74567
50400
78052
7576
66901
18434
47221
80195
53782
77031
43636
51880
92470
5699
45514
31050
71563
80366
35766
32025
19044
63334
58543
78284
98579
34337
10999
98729
48274
98450
79193
61325
250
90393
93723
29647
11047
13941
96373
32217
72322
70627
69371
62249
55087
8272
62880
19694
38935
64750
66001
22333
14752
57100
7617
1648
29871
7013
72650
97523
51881
83545
19975
20093
80931
85337
80604
56238
60560
6747
51694
58933
17846
30954
53248
54045
29043
65195
5479
47099
9267
81199
32384
78806
86722
82144
54834
37029
7471
31371
40436
35851
98321
69716
43163
94638
42017
36729
48928
18267
52772
36179
77130
46217
26320
59234
49442
68335
26796
91511
38160
22728
10282
23116
27130
28423
30593
68191
97112
49469
35131
46529
45811
80302
70879
24124
51245
42319
48611
52895
93747
2580
31508
99480
10682
36025
50238
48617
10138
25812
26363
84483
72476
61101
87466
8383
6302
23787
7546
98104
78718
29743
1964
72685
41967
22844
40262
54249
84475
84983
19584
36083
20042
91695
72553
25083
6228
802
53407
74427
66030
27588
92678
5183
18661
47792
9276
2663
29820
96488
45251
92174
94108
62925
61911
26937
84857
24337
674
53490
47528
61451
37609
75190
60777
65868
37453
22870
49853
31869
53415
92941
96202
13784
88888
35550
723
42217
76857
11514
91429
89000
15708
69524
89518
69110
52173
53086
63903
20745
61221
7508
73036
15634
77847
40153
46903
78917
62321
52374
52516
56584
46250
2689
41871
85469
87543
34433
69380
66091
65534
5124
24340
59008
44050
77449
82686
2485
80949
2416
48723
92792
93773
23583
27155
10843
48496
26237
19828
79691
43790
16211
4995
31882
22818
73249
7120
28579
13275
13050
58297
26614
5468
18921
13734
24177
80562
17188
49
3431
62077
15766
38787
20137
786
30670
33975
13420
57268
44940
69949
41367
77692
59841
90087
51074
70454
65287
52785
62531
72127
77767
46998
17077
86523
58223
23546
88954
63302
69312
78810
64482
68210
18500
79283
69455
68380
49600
4201
62333
59041
17967
96536
97914
11737
61691
6780
7182
94747
21371
79104
94954
59339
31285
25556
79676
78917
17859
62880
38385
83600
76938
39314
34134
70857
64852
31225
84505
98105
69010
88284
19382
29899
38809
48335
19364
25935
65636
71841
87165
66928
42149
37952
3151
28322
27801
47949
20208
51051
51650
28825
92427
89381
95833
37171
23299
2044
50159
21208
41050
84175
84514
25805
57193
22830
71116
32457
25597
52836
72575
58533
56960
48311
63348
78428
18862
25804
94625
58590
29635
75359
93870
24166
52579
94412
24715
89689
61995
12091
13225
90056
63992
21865
68358
57223
6204
87722
20409
14818
95481
82140
542
72967
72148
5076
47367
18982
91619
97165
46610
43909
48260
26782
5449
74356
43854
84182
18567
86627
2047
77119
61817
62613
30185
28473
93698
66215
67203
6139
61216
35353
98642
73140
33131
58844
35558
25098
63792
6000
52592
69256
2634
58069
82969
4565
19711
46014
9912
27711
49699
62314
75397
5447
71994
33205
66366
30400
52227
81599
96649
14883
60300
23705
20195
38190
48598
35662
55736
36643
95129
73097
64592
82885
33053
56309
93565
32289
57108
95885
52831
47185
59467
22798
8904
93159
92660
53015
44969
79735
92348
86369
22056
9418
74413
89535
86599
44658
29489
97290
92987
7540
86965
13219
48899
24866
21885
28286
66792
1651
15918
56294
86703
18016
98750
49780
66316
70402
98529
8101
48952
1675
19048
65130
31293
97847
35625
65406
72314
86883
69107
88724
9438
25459
61748
31438
93736
4819
28724
51157
68755
276
44984
85417
14521
92804
59155
91662
23581
26150
48839
66611
36693
15131
50646
56191
98571
7142
48319
62531
94500
12797
26640
61324
72036
14122
67445
35987
51468
50739
18088
16581
34696
19752
57479
35415
64706
84836
77954
85052
82035
17424
99852
39576
34088
59472
89872
45021
2572
93680
75220
33832
67419
49227
57198
21672
88327
72628
10080
28613
13732
37543
98969
38586
54151
69337
93291
55028
69523
11652
44596
1866
21382
11947
6808
30741
3937
8277
91028
46960
2393
1082
49466
6058
98947
39215
25351
32005
39930
16634
62569
24027
1643
56618
3165
8582
84294
80420
3748
88188
55923
11287
24932
8736
51104
86634
3538
8650
22455
20120
57684
61878
99811
28260
52360
18764
98724
83758
27037
90048
44281
76817
90208
79597
27627
18915
52777
27225
31680
9856
74744
12037
95444
9430
9949
83433
92346
43649
82172
14159
46277
26114
37314
65851
52592
10372
99227
75569
53919
19188
50581
95057
44118
78843
91463
65040
73557
21351
36749
98090
10287
76060
8926
73490
66113
71789
38315
1567
31
88154
96131
58498
24611
99244
70941
38278
61949
80590
7557
85361
13384
38744
42471
78554
99854
90211
48278
81419
46149
34753
88478
98339
4835
37933
74143
79568
23644
41068
76409
39282
88889
2501
49088
96997
48859
59532
80827
90687
3792
6688
3570
703
90192
97327
54128
71039
46031
32219
2613
95698
72472
37290
60588
21342
78822
89709
96676
26338
52432
22363
39038
7215
35725
91078
82631
50878
75090
86
13651
79115
43885
66869
8671
4453
85346
73064
40003
38079
19878
43013
49938
41858
37709
29525
78650
72781
26923
51452
44648
93935
52019
41066
19361
87574
95264
63043
6728
59135
66728
8529
38715
61481
70580
99775
77691
66080
10492
51756
32475
44364
24073
58751
91245
12626
6562
78627
6334
95817
50987
96281
92780
34296
93278
88114
70468
7595
33008
95493
20598
98506
13797
39628
83538
80164
79889
84628
85679
46012
88608
20155
6570
22263
75299
73789
77065
12697
7529
74141
19220
78665
47316
74637
82403
98009
3558
88640
82975
61523
78660
87736
99808
49984
24449
32078
89283
29384
31792
30254
74319
20631
30710
38258
90570
53316
48980
34253
78698
62782
32663
28825
17866
85436
90718
92694
91583
56587
72985
16413
70350
61429
40268
52446
81853
65756
58703
99375
59086
64756
59823
58131
33500
32479
61172
53318
55051
4084
529
4618
33442
1541
24059
38348
79300
49677
78065
48560
49391
95179
701
45886
81711
77836
43219
21570
35263
48826
70087
87771
58741
39051
97624
36022
32548
52928
31066
96678
59529
68659
17853
45204
3869
11517
22751
10061
4983
81686
3869
17829
80412
10368
51415
33956
70440
66362
25370
8883
46348
77500
16347
31471
59881
36011
38105
60559
84456
3640
60020
70810
69972
73018
63954
25153
64887
78960
17282
68091
58153
9894
48892
30509
96199
16675
45257
73999
51970
12273
46033
88575
14847
87016
15433
62483
95585
56275
62147
9525
12640
30723
68197
91697
16503
34296
70956
29065
36186
22700
9933
85795
28256
45466
22404
52791
73681
65876
55602
24548
87879
42668
86592
71737
19083
87873
74492
98591
69944
94846
70144
76814
95883
8553
93081
98112
75373
75837
10743
15056
44246
98068
81492
68610
8420
85848
5815
47107
30295
22283
86290
57744
99004
86155
52005
67418
56586
67870
72022
57089
99825
79558
38706
36638
77808
64519
88988
25793
56385
97657
51197
59500
48971
47495
71311
2271
20619
81514
691
39505
14384
49550
89873
74704
27169
97398
82658
99433
95311
83587
35500
33967
56806
25187
45704
15500
18172
28450
61089
29626
56745
15556
76969
68202
64461
70153
2694
15079
47630
53422
83064
94397
4942
62234
47369
80583
9953
17657
48414
79267
60815
5632
29167
6559
23241
2319
40835
48644
10510
64343
78855
71179
6141
85109
88097
6486
27618
78302
24451
84530
81838
67577
40043
548
31533
15425
3252
49198
12776
59190
71733
69620
26724
18060
78640
4527
13477
34902
98152
66237
80860
56705
34766
84515
87775
50737
99004
86460
78305
33270
64799
98293
53394
7759
18849
41015
70274
62249
16190
8499
61130
96564
3024
51737
17405
64772
13921
28721
99534
52112
86263
66810
17480
48762
24756
72119
68992
58862
55836
46574
14260
51759
5001
69245
50391
2355
55107
13968
69245
72522
70584
37037
44964
46884
71804
87987
13668
76103
72085
79595
81966
97110
35330
96452
82863
88921
27929
11520
76348
90330
85044
21812
35510
60499
74547
89745
87639
42003
70395
34866
34012
66060
67965
47595
37663
7955
46110
32051
70534
12064
43796
24989
54691
80906
29927
60326
96879
41575
13353
2910
91568
81512
16766
75189
14979
66900
10943
84031
19863
65165
86980
70005
60146
48452
84096
41316
37573
10633
67451
58946
55500
39474
2288
68514
43005
9891
60029
78364
84308
49943
63774
7534
4691
77094
56376
18241
83112
70465
32789
90973
37601
46336
16518
14238
6080
49739
46767
22188
51812
93262
18733
1384
13643
21918
26791
39776
29369
12552
60461
89961
96647
49230
46250
84829
54221
27967
40256
78041
26579
51485
13686
99848
75585
40167
38378
21490
29704
80672
58581
39090
33537
51198
47063
5082
21596
58293
29024
32615
26916
38168
39115
96321
87760
80279
37583
8120
70475
84426
23611
99909
76414
56052
8652
69832
31028
50889
18105
58593
3378
15960
98288
92586
56813
51041
16282
46868
34191
85318
27890
55643
50511
63754
36597
74093
85442
11919
21222
65036
90543
54318
44596
70218
25358
94444
47972
11933
98376
46382
51888
92241
19898
66583
26057
42903
97057
47891
56761
28189
84529
91291
17820
22736
846
31069
94421
11034
41667
86296
44107
34550
94145
60013
12929
65889
5947
80694
52094
69050
13402
96075
26537
70988
83654
83665
13581
22900
6253
64729
14999
3545
52505
67139
26942
40354
70128
16520
89748
91420
59023
40069
29742
89917
34765
26520
43278
73734
75190
1788
15545
99771
87145
17176
79435
61902
4634
25071
20317
92066
44089
83580
54357
90568
73347
91668
24742
73790
69541
98837
38881
90426
96267
78670
18963
20909
65296
9503
15588
43572
71648
18729
29442
89584
82581
78210
61502
18581
81891
23742
29578
65175
8468
70556
10272
91911
58786
63228
44149
58113
51605
36120
84213
12292
74423
65343
88105
16959
30135
37272
24715
67961
39152
36802
89114
901
92663
30391
50808
85566
92616
91968
9650
57113
57564
91229
12340
89845
46846
50497
11911
44935
14964
31634
13425
44224
84350
3706
97131
18722
77287
47996
67789
93172
3805
94546
54997
43826
16732
7135
25223
31936
35487
41441
94805
86060
23719
39115
67792
48068
17928
16769
42639
92370
99733
20200
67272
51281
75692
9593
4459
93236
83533
94922
71061
16153
926
70127
44522
76343
23175
6663
71379
42751
30843
22500
85868
59165
94832
36662
2008
5503
67827
140
7183
65334
36893
97106
39201
99220
97268
52494
76510
217
55767
84641
75487
35969
23458
44077
21561
70825
97866
94510
99248
89758
18716
72868
15062
2731
691
18656
18209
22587
147
93081
61087
8543
93670
29371
89056
82240
57062
21062
84210
99713
89784
4398
3698
26676
63917
49278
91682
65178
92210
20321
53650
53771
2140
62256
50782
69618
51468
78677
27918
36936
21732
79478
21040
62981
13004
50076
30603
92862
53428
44846
35386
95178
13
22632
52277
65346
37592
84852
43144
41039
40416
27691
31353
10945
62505
69300
96982
98554
82282
73958
68701
16984
47447
34621
19793
52790
68095
43816
54404
65299
7512
23893
59010
91800
7811
75476
25928
65203
88148
90546
2475
96876
351
47622
67428
88473
53892
50793
47282
48153
57494
87258
53349
45049
70583
19301
74166
87839
99117
99862
50112
8334
82587
56852
77680
62044
24659
37234
40833
24275
40103
27340
31666
66968
98694
40745
17344
39940
14293
16712
84780
70502
30186
15699
42909
12652
35462
82643
69004
56760
5336
30412
56476
39799
46189
65982
8399
26321
96417
5653
66997
70303
75907
6587
29847
69455
43176
33982
60211
14720
6307
7492
39311
61168
40676
53788
60781
87968
22192
22967
25334
45280
91637
47795
71242
10221
25164
58205
27230
22645
66363
50082
38434
88248
88922
5977
89845
63106
51977
67394
77244
44219
27969
73218
98507
88729
53499
73529
31201
7847
3083
62789
27332
9541
28050
52514
96269
83834
90491
95432
17023
89389
51065
76564
28052
4320
91509
37168
2242
77323
4722
79638
66896
32745
91724
46463
75469
24558
30324
26925
1652
11151
69397
28004
41522
94436
77726
85385
92687
88642
8218
10442
67295
90073
44805
16299
93888
44337
84932
853
50278
86629
89040
16881
15994
32852
32514
79498
77428
1889
81456
64551
18177
46010
35308
29864
39618
81411
27845
61111
11189
43783
77356
46008
67094
45442
527
14935
92409
79485
19626
4295
18348
73974
90763
28483
55232
43035
64440
14877
79914
26894
18459
21691
16608
17095
7068
52269
2670
82743
79031
58618
74639
34745
59263
74350
99357
52843
18406
77206
84051
27599
87994
66134
37993
70456
78771
17512
38197
59032
68821
7359
94629
68848
58561
46934
95948
81099
57211
77467
1546
18058
14490
68566
75173
37963
74970
68964
6070
83721
27816
15291
84909
24152
12966
90665
42041
70608
43234
47275
69795
77710
93241
14734
27529
96513
27228
44195
90570
61619
68368
72721
16372
25314
27921
82437
87853
59102
89983
99352
25690
19258
48780
6574
54661
46494
62733
8579
94735
70121
19157
31620
62014
90664
26862
34501
90467
21054
37079
31431
55037
42027
61956
821
88722
30527
39486
16865
18686
6937
14579
13501
35913
18408
47112
58378
34901
59664
70265
39470
54007
47514
28945
71973
80251
21782
53751
32628
5433
28491
55457
57668
63453
87675
86198
90133
62412
44479
87556
60468
7532
75330
53025
18263
25322
34405
13243
52754
57641
9262
14244
58656
83594
76648
20679
85131
25917
647
16580
51471
47436
99271
57816
48104
30645
18163
93686
34325
37399
6168
5610
74311
45198
12929
45233
3893
43443
82359
31845
59193
22900
70874
15643
88631
32242
89900
20909
56905
15783
23041
20127
71470
20441
21948
35749
87908
45647
69707
57629
20616
50464
33230
63882
48990
25338
16268
17153
21878
82957
82963
79049
93543
43282
83711
87469
38071
98895
7879
4868
81378
891
68721
34175
13598
87178
46649
42396
49412
47501
35156
7278
10634
82637
99734
72528
99828
5252
37280
48208
92374
48221
43498
47322
43058
47211
61232
81102
23960
82732
74993
67771
5514
91129
7852
58463
2579
69002
7724
68628
38912
92530
52713
63663
34550
5173
893
95228
20471
75324
1755
13758
61033
6420
33399
75724
44245
52311
10862
14381
4729
2333
20745
52262
76217
19612
73886
45872
35741
95138
25638
27861
63326
59003
4462
60049
22744
74426
1059
16624
67011
68931
65219
73087
50582
21180
9977
90551
77966
15081
20972
58817
20315
50708
81124
27129
69578
52993
23186
80208
27367
67379
85611
62751
67083
64843
7629
60465
26320
68865
6562
22219
44990
85805
82836
5826
36631
92380
73152
5171
15712
55915
10935
71758
35987
70909
35673
95529
99877
87674
29944
14231
70698
97327
63044
40881
59404
46853
75466
49436
54864
75027
31378
43645
20876
50025
62717
18393
66889
11595
40399
39251
3490
52176
80360
33350
58159
18386
60702
61888
51668
19621
43579
43763
67590
25595
41199
83213
69514
80234
18385
6945
4463
8167
71385
2554
8401
92014
82738
12968
2666
1200
68023
33489
18251
65646
267
45238
50339
48930
67241
43004
85771
39680
57553
49676
97714
6159
31701
91478
86536
70769
71885
22275
26933
67214
20585
69678
79081
59760
96850
42320
44867
36873
97797
42569
32580
4888
24784
77400
96734
93940
30369
72357
46357
13689
54559
66446
6593
14333
70627
48961
13099
22683
75838
84886
92437
94158
92692
75442
74601
81527
65335
70842
47794
79588
34832
24724
18273
24141
77931
74343
10774
13494
98199
88610
29940
27269
69247
65197
56799
60655
8872
11914
38227
42985
4347
4872
4008
15399
6702
52319
86997
3007
31908
70028
52871
69321
53749
47187
10030
67710
94397
2026
16626
71781
25908
36167
56162
16239
82654
8348
52792
78944
44458
3015
75577
53271
28159
30429
84783
24437
86182
53788
59725
86788
37718
14420
85720
36526
99322
27432
70163
41210
33834
85271
78978
4278
80414
83713
13586
17113
51197
22357
49954
74190
99432
153
9365
53073
75264
8980
70344
39475
5716
22488
77528
42050
86237
57891
57627
32537
13832
2091
43706
52826
48203
47452
94315
78850
91415
3524
31369
64025
94531
10948
37052
84076
69998
85554
82899
9788
4478
59441
63294
61777
91223
2772
69713
50275
50450
82492
52467
39802
24756
67721
25430
22504
3630
16013
40981
65743
35894
86907
7190
53075
71422
76248
85329
21105
4920
63806
38302
41270
85716
3404
76498
61822
94249
15156
10225
82066
36594
53503
93624
55734
72090
31326
79883
34406
32876
30576
18639
18076
78952
29677
36839
29728
10082
11324
19290
92533
31394
71800
94943
82819
86620
42399
26455
54674
77079
64660
93205
24739
76483
84653
54469
68202
22730
43143
91721
8849
61455
53504
35857
1228
95746
41255
41635
68635
92450
75143
69525
29785
85751
92632
37854
99524
74140
87756
64378
75342
29412
74161
86905
81747
86426
43259
72565
97460
46335
33003
61415
57696
93675
5023
53031
98553
93323
31088
24987
16698
37310
49916
20254
50613
88263
62157
2872
73792
45247
45295
17188
56664
64639
53384
70136
45758
89740
10134
33284
12373
69732
33638
44730
79410
45628
9261
53279
35961
61393
23598
52386
32020
22689
92504
50913
31222
89279
79871
97383
71269
42069
39254
98484
38122
35379
83650
82428
54231
45715
27902
20031
71236
44024
20294
623
49799
53870
16003
51976
77687
59040
80687
63242
95482
61670
31791
37404
18715
79003
45145
14381
28967
64489
41233
38390
18319
33315
72067
51031
68752
49953
36926
52819
37501
5156
15466
93486
39391
57698
78741
2566
74447
79021
25015
59733
69864
76203
9309
6949
32973
52681
73580
92917
63923
4039
27887
78560
70411
15249
82971
37983
45997
15324
52150
67863
8736
79544
67920
28071
47691
85634
77188
77104
17455
10514
5607
19491
29951
80265
27304
90806
53767
43066
41307
6772
25587
25886
45960
50466
4034
99044
63765
61995
85435
29878
77209
16471
11525
20847
49091
87906
47942
53663
36485
13238
39461
21532
71537
76136
9361
1831
73908
65755
47877
38024
35488
6879
66975
53070
12383
53644
58644
86959
13213
977
72544
75606
53329
10122
23151
34873
43254
35642
34122
11541
50584
15976
77044
31089
22734
37681
93251
39155
34678
59768
87910
85345
70089
6445
82264
98899
18201
22137
67621
3985
84983
31405
89600
64003
9978
11825
36466
56782
8136
805
10991
7451
35852
22836
37903
69445
76373
25237
80609
74459
85757
90806
69401
4963
79939
60882
22795
48010
64164
87437
32886
75551
8924
58629
57162
5998
91329
38915
63342
72162
27693
93577
39364
69538
44067
70863
16617
12407
62155
8276
42419
16322
81776
50677
63306
31346
16306
45443
96285
18082
55348
42283
53333
91405
42075
59653
92619
10009
72182
30213
15091
90132
35029
38547
44135
86099
81839
67561
70898
98066
76998
26000
25724
32110
13974
60828
81477
11528
93850
91452
42810
5622
19996
51660
77161
93752
11364
21765
56538
62711
37297
39350
60332
9393
81845
39425
31865
6737
89332
79095
33244
26539
94480
12655
10621
10090
78509
8465
18413
98608
30699
20728
79200
88540
17486
43543
83767
41894
73450
8814
19246
62949
62611
88617
80814
27348
9773
95266
81786
80759
11351
73200
38843
74402
579
52952
8744
2086
16473
47488
96921
69350
70810
16610
66440
12896
63236
63829
24899
30764
11842
74858
12364
24496
79431
46917
35292
5791
9895
36367
89765
77945
71060
23731
4011
82790
28681
52695
43583
14845
85064
47900
13697
85116
80836
69284
84788
15001
95312
55717
99354
7858
25813
18618
51468
75785
53792
49492
30319
18494
45851
50952
58743
98191
45395
13427
86368
61486
38669
1518
89380
15954
24409
13110
16267
40045
46343
28530
530
18441
98459
77812
74404
20658
43241
71350
25130
22196
4610
44131
96646
12710
21826
29384
93872
86420
75683
58457
26317
93425
43470
89280
6817
68017
99067
65161
49004
32861
80834
79956
41776
75728
65684
3229
67036
27502
29705
32992
79649
20810
52244
34312
9972
53049
12574
87974
2467
29688
90789
85145
25484
13359
46490
96788
76866
63317
17888
82941
16764
18690
31283
95367
29473
63393
14130
48898
56145
24205
71641
4622
30725
99093
37681
79402
86128
59134
70079
93127
94062
28450
41339
13889
81565
56314
64793
85773
88986
8689
72781
43425
10479
6349
32851
35135
99404
13822
73794
87481
3614
52622
40059
91920
56029
92561
30821
42306
2850
61259
30081
29520
47737
67393
10953
35451
46397
70982
4669
28165
5868
75054
92498
32997
23423
43198
41949
74144
42162
89392
9792
46328
38787
81209
33592
85855
13608
91778
85498
89016
52134
76815
74392
8357
45175
24827
30361
82397
51899
93739
41043
73542
36152
89985
53145
48740
55440
60098
4827
69783
52342
61008
59297
83738
48727
87544
30584
52082
82194
26175
16890
31150
86652
51629
83311
35219
8608
50267
57945
96121
23980
99672
38995
5968
92952
45395
85798
85166
20018
9945
6231
74397
38445
28972
72910
55719
76534
4459
91552
9554
87931
34512
45815
40483
31227
12508
27669
18093
72461
65913
53415
60649
60474
76956
70408
18157
25186
15488
65426
24815
23104
8461
75173
40358
71959
9994
23197
92497
32833
79148
3899
58471
8348
82597
11791
25479
82830
57177
12117
83620
53478
49454
5903
95014
25510
53431
57855
90323
62812
82679
9819
69714
79055
43133
48625
48631
92165
99316
73650
72276
71867
10206
14887
63049
40490
5623
94324
70399
34653
5725
11324
45248
59539
26163
23625
52901
58371
46932
16164
46505
92020
61946
25225
2658
36243
81579
3923
60086
46772
51889
32897
4847
82592
25512
31751
44358
5578
22737
24512
45391
75316
85141
10402
31807
77256
25187
40201
71248
57169
72185
77686
87079
15290
10476
99201
82952
17263
45408
62788
64207
40808
31466
34155
35001
59982
77000
42630
8580
37332
33011
75827
45302
25746
12059
40004
45328
94405
95019
92985
89964
98092
43404
45048
44606
59679
66216
98953
28229
16855
77694
84139
51779
59668
66097
58183
64452
13904
33267
1757
62659
31479
25177
95690
67109
90458
12839
17699
44825
27341
35056
34422
90793
43501
60413
8253
66255
57337
53693
44249
21401
29886
41101
75671
65214
70662
65268
81137
89477
68514
93893
10870
1404
31529
48985
74977
5879
21227
7508
4276
44355
99763
94404
4984
22160
24193
58689
63709
34570
77589
36438
27792
45156
59970
30629
28893
10450
88237
92833
92561
81063
13192
66532
44892
79020
3564
58159
44991
9909
50570
26626
39976
31293
71076
40140
40053
60205
41330
52416
81819
20570
59259
57846
93052
51615
85297
37168
7975
41853
71081
49848
36196
85645
44427
47444
21364
80849
39863
75664
14876
20118
95530
28720
31007
33212
61916
54001
71593
45539
61442
30535
39939
41142
82671
76837
81644
97228
68542
72995
6565
41526
23615
27371
33261
74567
63311
47871
90544
67469
65032
64581
37559
73908
45221
85460
8334
46382
27030
20034
60930
94848
26773
93713
64211
85052
17809
39162
43114
73321
79600
14775
50761
86927
68089
80709
76729
31144
45396
41166
37344
82008
49508
68921
66652
56763
26133
16886
13397
18750
39323
89933
2390
82349
76932
56798
59794
59692
83102
52837
37893
91086
95786
33470
43562
13174
74453
10259
81796
12876
73297
62270
46790
48177
34385
10831
65442
47315
57176
42767
59511
76340
44635
77510
71886
98133
5433
10393
57929
90475
40913
62905
72341
91964
58107
98808
32071
10413
55312
93433
83561
6309
39290
21969
87148
73079
2378
76066
73939
53429
61840
2378
33978
66572
31536
69630
22100
19589
19683
66202
66406
54148
61740
53067
35301
67797
67147
5231
74058
69985
27262
51232
7815
67829
85375
90294
46532
64057
2130
45080
13761
46810
87229
42252
1566
37416
6862
14895
4369
99790
63031
26862
17713
41910
74044
76570
91829
72821
67328
63420
81325
9994
82042
10897
98907
48839
37947
93630
90024
299
26314
18188
44191
29186
1240
93461
42007
45640
17318
52201
55035
22161
31720
85274
61154
86210
97442
43948
33027
12510
60003
1128
90144
35181
14019
31931
61747
7603
48311
76310
39981
6445
81504
13270
73982
58950
17595
48849
6313
2238
93805
36415
19905
73199
42414
4669
45490
62428
75191
4125
38284
31787
59971
7614
10425
48464
73019
8370
55658
28115
4458
87408
28937
56970
63983
88016
88778
35345
89541
40471
86005
29712
76400
70181
78761
46123
91788
58712
90560
90708
53672
57123
70938
28019
76393
65227
93383
93060
7153
39348
59381
70922
50158
51517
31977
58919
5891
27390
6992
29184
18163
36693
24303
47204
35037
37593
23960
25311
99548
93994
65679
70834
47079
51716
93515
3488
64130
52034
58313
95557
2668
71723
83243
97466
72614
83306
31908
38311
1029
19304
98642
14844
24687
95546
61298
62024
94838
83325
73435
90087
48619
71039
27674
61236
595
39765
99225
89558
72362
78876
94699
2531
3968
27407
91594
40702
35659
60798
39830
88354
22507
40045
44470
59687
89333
66931
98580
23262
95731
28187
64491
14105
40646
96596
53783
44388
47954
3548
25883
2124
81429
73669
55291
29328
77979
31239
92195
34791
81966
53710
32436
41161
5614
63238
78765
91221
19756
67175
21673
2996
90368
53895
56880
42774
20796
37978
31260
30628
2989
44216
78917
79730
13889
91546
23056
89709
94025
50828
87156
17281
5907
45494
78329
59698
46460
55420
32010
95813
4250
22777
46154
14204
26252
92124
18340
97887
34975
66204
75478
94092
80431
26373
46778
64661
52066
25519
7178
88319
32571
5664
99629
76683
66686
26251
22459
97123
33869
13991
21594
68979
45709
70341
81004
87892
55207
79047
15642
93233
55142
63020
9789
62784
12429
33081
62023
26954
90808
97622
66233
9969
72020
15111
90316
55793
80236
32247
86444
91746
34502
36981
22993
53888
63972
38353
43611
52351
5860
8289
98854
8195
54294
14157
47906
96211
87987
16991
47857
25768
27312
84561
51524
81460
57931
68225
87051
55542
10982
96523
78232
44185
1430
72481
75345
28530
45369
97017
89961
46896
55212
21920
19419
91392
59698
62414
4812
58973
88528
70088
53069
36468
57790
91866
60980
86995
26543
71327
72067
15154
24778
56432
37900
75693
7191
28497
36079
87997
73834
3825
26449
73689
85333
91235
26049
42804
59531
24554
58109
27735
52773
12883
12277
60456
49888
66653
90334
5104
46
16127
63385
65255
41605
69965
62935
28918
54181
43677
49467
95066
57551
66504
26302
9855
27208
35960
16653
67898
74045
26637
28990
19134
41787
16526
55538
20088
94505
17575
52873
39085
2885
13024
68788
62210
89995
75973
93086
76214
41099
19725
93487
34491
55079
72854
94030
50297
64440
10103
82435
13886
3806
13052
90046
51861
60015
60802
82299
12614
87921
71139
96746
91057
4816
45919
69639
62317
12083
68749
96436
39112
16937
25125
67785
34112
33892
21007
87750
2033
33440
8223
56665
57572
1834
80305
9983
2111
37697
33792
62963
41787
24959
84455
29346
68996
15761
57738
38360
85071
43318
83689
42247
99773
99900
44928
61485
72795
95744
91314
41970
18085
50213
26571
89711
83679
64421
75496
43183
45460
88310
55156
9559
68461
4572
87123
62007
99741
52657
61148
53170
52380
67422
64458
30590
28780
71021
98202
23701
67094
39713
90092
793
91869
72356
44562
28967
9388
23041
57540
84424
92080
94802
40284
98293
58022
34803
27368
4134
19880
93136
33190
78464
14377
43939
46075
51615
49881
43566
35886
67897
42400
4786
35669
17374
35127
67353
71193
92474
15979
25222
76913
53687
9243
45751
68006
61780
45835
15515
5870
50551
59037
83912
26098
35395
11279
37440
81355
6635
42958
39963
89794
10422
69325
90374
23609
93413
54639
20722
87158
85368
52734
41927
93254
7230
21577
38844
26985
19959
17404
17913
87114
21553
29847
4617
89072
26936
80038
85429
5874
72255
72386
1414
24875
99609
81737
13755
57092
90548
67806
84019
28783
26990
43020
25030
93855
13334
82775
25302
27180
43482
42075
99887
66605
77351
30016
89269
55182
4172
94436
25134
21018
8781
65581
99717
52361
44433
88389
16359
19273
2710
74611
39080
92005
53154
87390
68669
1617
67755
88496
99118
12546
25028
59943
77211
88090
85753
10126
13888
99074
90773
44647
44723
95506
49593
34972
85412
11736
90171
60020
99082
68510
41212
69419
8776
62566
25195
10061
74492
23543
19566
23887
24427
18755
53008
37509
34681
44314
21255
58095
4811
5787
42133
509
52358
54788
52216
51162
69469
3572
98954
81048
64317
67818
85971
25734
59364
25780
64031
84961
83133
67235
46032
25599
87490
97723
40941
55580
32104
77259
53948
24609
62736
59513
72277
80550
22142
24572
4367
97023
39618
60890
2662
45021
13029
51361
5545
93478
71462
26000
99124
48869
44023
21067
91871
87879
61304
83280
4464
61274
68840
60011
49065
93591
22829
27256
26574
51916
35310
61905
13505
70574
36854
39463
78815
21380
17444
96099
89970
76236
55545
10096
31550
76131
29920
30555
87846
17478
86968
73164
10230
17041
81707
22006
46555
95463
60836
61745
87315
24652
51697
88733
12807
88636
98078
67826
20824
50653
77432
55015
82549
30701
75211
88714
25879
71188
35811
59061
74627
89297
75911
56939
16103
39606
50738
33191
50990
757
40060
14434
65300
24497
48843
74548
41062
92534
97844
28396
23703
66242
80871
70690
86449
15872
86299
74798
43614
86995
5342
82818
62168
77403
16565
34
90045
6160
23897
81073
97582
81326
58952
59854
93739
69478
83641
42524
97550
8203
50728
29474
80715
22644
16692
65791
48633
21197
35414
92768
46846
17634
2157
38616
9048
59712
28841
26324
52604
44522
45419
58949
48482
72997
13712
54800
26951
40174
56685
35593
4446
70251
40088
5764
11746
30499
1941
6769
59618
26565
26889
16581
12221
3050
96050
51651
56772
81757
15686
2503
81702
49290
56471
21522
81809
46237
36499
71732
201
4180
5266
1305
35774
68654
52130
2785
31697
51769
80071
33434
18143
63213
32358
99481
20182
26281
96910
95162
71208
40458
56443
11843
6947
1090
29490
50280
42147
51381
88955
96332
94943
24797
71974
55889
96953
26333
33356
99784
47085
55543
79284
82942
87311
62960
71753
64834
10609
13071
70031
61991
13612
10078
9561
71354
28163
30008
11683
82988
58748
21981
18862
35179
49309
43872
43496
68747
91591
70994
86625
62315
17242
64686
76752
18962
4012
22302
77077
18373
81841
82621
90483
90137
168
59627
53279
53720
23587
98385
81481
15129
29046
68884
95279
62287
71207
50504
92906
83584
44182
7814
36921
83347
11084
93468
75726
38579
10167
8953
18135
35934
37737
93580
69745
26414
8580
26730
36495
67246
84495
90696
13465
13230
80931
63412
55287
82362
27815
58175
47219
70479
83988
90879
6781
78517
7017
35669
74084
98281
98837
55046
27743
76258
73684
95714
76617
58419
92440
67449
19200
22222
58527
44593
28013
40776
13283
42644
62409
8669
4237
72869
57906
63329
66059
94814
91220
34211
51790
71390
2594
87637
6454
60984
3593
41225
72437
68830
54419
65292
55819
23925
5175
37682
96513
5448
75835
80133
27588
85788
44237
63012
98907
96490
77817
1477
23702
53697
82971
88146
33275
4069
80067
17784
57807
48706
54394
62354
44110
77433
84794
41182
82020
94013
90457
65125
93229
67768
47621
56955
81594
77300
31029
60768
86811
14513
27201
31734
56311
46998
72425
66321
25538
60943
46808
69689
85816
50689
33792
94460
99080
73902
79796
3196
85986
1110
46372
46568
90807
78426
84643
1619
74549
30650
44634
60435
85100
96668
95795
41021
42117
50567
64713
40231
72786
46013
62101
49134
98278
14009
79278
32062
36602
74714
69520
36694
30965
10394
83728
20234
41861
31160
75253
20588
71386
3937
66055
64199
5835
63773
44147
42996
43586
32962
32020
12565
45788
55950
64344
54106
10529
84171
53180
58687
34145
56063
54991
24991
17020
71395
38492
53268
66635
8730
37830
37458
54728
66447
22602
64731
46929
12356
27200
43282
74613
59240
68773
43218
93238
34399
6184
20574
19347
9182
22441
23216
27606
42757
40297
87523
65014
26815
94419
58772
34128
78745
17497
80861
70422
7480
63224
59192
12736
89547
28832
98418
45492
1108
32621
18271
33763
801
17883
36478
14142
26284
79667
62817
94967
57047
55688
14226
75337
93787
15073
43805
51946
94989
73455
67286
17247
23343
64739
23073
93780
44960
84806
59387
1830
48623
43073
97621
83602
30029
20806
71854
68242
72305
90560
95658
3257
41070
18945
29904
64565
35413
69393
28225
71967
82211
30199
82318
72080
15448
83125
34651
46414
13096
20632
53170
74862
14127
25261
52300
99593
71975
14636
50236
27710
82049
95842
86493
10740
76027
35795
32656
25749
31583
30205
41678
64636
77192
59273
41130
54398
77225
12358
45960
25493
70650
98989
95157
30991
25600
85865
60618
45602
51193
42066
53415
6573
76763
54067
73949
7113
81800
14009
30145
9458
10051
4786
48373
31479
92110
25364
42534
85439
87384
64797
55916
38131
92446
12211
16391
22729
66829
79588
50617
74038
65296
42424
28969
24758
22291
55542
97037
85533
87193
74911
15862
82846
8236
1036
56022
34165
98709
29311
17929
17226
87019
8059
48565
40969
63345
9266
85035
76229
7651
25821
76122
75046
93357
51861
89048
15744
63912
91278
96625
92982
79537
28444
51339
9003
10846
1413
34550
40147
91926
7194
9780
48332
35104
18817
62891
16622
58104
28857
35422
4196
97550
20261
36789
66178
71987
77070
96348
4908
20144
18615
91457
93671
2302
67562
49297
75499
85619
27158
2319
89090
24305
43539
6352
57808
47426
41510
48818
29957
52327
72205
62527
82472
56296
40955
54977
94997
99539
18982
30100
17220
93564
86358
42435
25200
97968
3332
45362
74667
53281
28318
49097
17776
46471
31714
28966
1558
67664
67057
85606
88316
54109
52353
88755
39647
44733
57693
43778
49583
27623
2774
10540
91601
93283
4714
52423
45410
65267
57513
83806
42345
80792
4608
90936
79177
50595
6943
15827
72903
89775
10382
39869
52221
49441
86512
76620
93581
48475
46939
88276
65486
50085
74335
66821
42396
17505
63088
52593
51539
77721
83237
70065
75984
28200
28016
57530
12815
49513
7290
68953
23366
52267
80445
41243
65932
38023
23311
46605
24944
96642
74917
87115
90106
41695
28967
68991
28118
34586
33862
6518
77819
30138
85097
39798
69683
30958
29143
2903
80830
35439
48520
73960
65373
35829
56397
82083
32318
65724
26513
51719
29182
56073
99495
37531
62438
97668
26811
19568
10897
37361
88340
51434
99499
79154
32833
28330
87228
6389
60415
10396
40717
28711
71155
32980
65013
93039
25023
59754
32427
9846
52829
33521
97745
2116
20801
57742
47734
46223
62866
43235
66837
68546
11423
75173
27882
99248
41214
47082
3818
41732
70568
11184
48236
89220
92613
80078
46188
33819
89397
69887
92920
29769
82577
40352
98010
68727
42738
94407
18069
58535
25195
56115
18449
59655
29850
63069
58142
42118
69534
76007
76667
86078
23890
6792
48481
11445
95281
74148
4135
10636
52018
63921
51422
93278
35528
70011
73774
17834
18487
63570
57536
14700
9467
4602
83633
39150
65380
22241
32377
43926
48295
44256
80732
41045
37203
73391
15718
28828
19159
39883
37919
9525
34708
74860
9763
8084
16837
23992
22238
39313
