27243
41257
47436
3698
76083
9498
37468
3482
34115
35489
73619
94423
94100
87513
19845
36604
88602
61290
82291
46892
59490
29930
69785
91912
65614
18123
81420
45619
57614
49535
47692
46337
85681
49524
21086
84564
48524
21294
42420
3556
20805
75562
3800
25159
87136
62954
95130
61853
31748
76947
6695
44993
93132
58334
37813
54722
254
64702
28910
6420
98721
681
4558
21651
76977
92142
17163
18224
50263
68020
76138
46752
53931
64426
58909
10154
80468
2355
40897
27801
76500
53654
39538
26430
63435
41702
98438
68123
35332
72041
84564
15356
99574
32064
94598
90301
25724
68550
29191
4725
19214
37364
50398
17740
67176
47202
36943
67136
45933
70991
30073
54044
29970
55454
27282
6171
92874
31244
73971
13716
83040
30146
43597
84973
25811
82082
80806
90236
52407
60148
66512
49268
22303
55223
38267
5152
98405
97313
88548
80082
67717
78354
10166
22003
7371
79930
98302
89191
26084
69146
40690
79999
15963
22253
39767
98998
2474
62356
70916
16452
77884
89326
85468
20769
70040
64156
50215
14897
14291
23175
76085
88908
15307
89378
78326
84558
85436
51592
28522
38176
73214
77726
49826
73968
56487
29537
36988
42319
76927
53926
64449
52841
27953
82513
36073
59413
66589
76655
83046
98014
18056
44584
33189
42637
2819
17106
97243
34930
85605
711
11951
39421
83553
56994
29439
10039
17727
11516
90088
1462
5253
87482
3086
24737
85992
46007
86361
48482
50882
97475
36024
27548
8081
93080
61887
97214
96766
25519
40482
84159
75298
21251
5474
79700
92533
282
56889
90867
20151
43364
75921
45268
70165
31776
45902
11327
12395
72964
28252
80481
64892
66248
24024
13562
8515
19090
84364
56880
33572
23997
33208
13668
87258
47037
31165
45532
92843
40290
5336
36181
63414
96628
75303
41765
13143
73982
48099
22404
43425
81005
73205
22162
166
48116
83811
63356
55680
52892
81328
58269
59630
80964
50761
84146
68321
44303
14236
9387
60543
77467
82611
55600
13882
45423
23924
7705
93545
85453
12045
49882
58438
46556
44201
40407
3751
42860
48872
32149
99128
23978
25939
74604
24881
79479
97260
18623
1123
88105
25104
97217
95591
37813
9876
620
69808
47281
21110
50543
33857
37179
78550
7008
1664
16777
62989
34219
65367
31780
15418
25001
58271
62866
69128
84834
92513
79860
56612
54736
22768
46276
10848
3936
68240
4650
91747
70071
99519
24959
66047
26535
2761
37497
66000
65195
23558
46570
95735
12226
91489
19309
78393
74173
22083
80281
47037
78957
77420
54179
32756
5779
96686
12754
93966
62940
88355
13092
49246
74740
2981
13688
13509
66432
4557
10638
95412
60633
42253
43587
79676
38440
17075
7883
17385
61141
18897
26651
6380
62011
75237
43793
73064
73668
7447
32746
28286
44788
55465
75491
71304
64264
80082
33907
7816
12816
37518
34778
11302
20184
49553
75169
34789
82361
38458
7551
14405
81047
36717
14819
98970
20586
69885
54078
66150
85141
60957
54063
13303
31542
15272
11366
54696
50573
48253
99639
80968
43123
13572
59315
17725
73283
35742
12341
37781
11407
96563
61876
17738
63631
42196
79722
91172
60296
59607
98512
52531
79378
30505
60899
35850
69077
90863
37255
81191
49755
10835
24203
65049
92380
8676
29834
54588
45731
57069
80513
3503
44718
74954
62369
30725
14307
48449
67361
32756
88508
72243
16975
81288
38149
56414
6149
14728
48980
46043
74412
8249
79030
90981
7145
27382
98490
20433
77866
9875
10832
16826
34733
64809
68425
8819
63364
50083
61356
88959
66553
3608
97864
25650
6917
81102
10739
80638
4291
79549
31934
60390
54137
35812
46816
54149
60579
75009
94064
22054
82217
8865
79125
45569
67557
96912
24453
40623
95914
6955
26666
38601
73876
75070
27861
64547
63703
42552
53620
10989
86269
86211
83156
49375
91627
99539
49392
25315
23019
80194
89171
83128
93589
80430
76679
47030
74907
78223
17955
26806
38782
82267
67478
2495
12407
52779
59168
71901
6341
75654
93945
50972
92273
36047
30861
4805
75513
48199
14579
83660
18932
25074
25054
69839
55231
83159
17754
95720
5259
43194
71120
10803
83975
46113
21531
61126
69973
3276
55643
18621
35543
97911
63535
30195
72982
73876
13851
71655
29179
7697
13323
94010
48333
16210
92720
28611
75791
63494
14186
2085
57829
83390
30171
26003
52059
70288
41287
63479
65069
68639
12801
50015
60724
56062
8747
39726
10539
2101
46335
86837
31085
3802
87407
37400
92247
26837
61608
59865
73216
73153
21454
84126
28314
27279
7528
49750
88862
94537
67728
33252
10880
49253
59968
71175
71003
93404
40834
75823
42884
30539
58877
93516
61467
65042
46639
6550
89925
44496
65287
73240
78494
91078
86276
29489
73944
63408
61011
48084
23311
68569
85505
91026
51749
79580
91391
13179
14160
48319
39480
75642
62634
67377
93787
22600
37268
51185
99588
70869
24453
75016
52709
71970
21305
97175
11016
1100
98881
21834
19372
34341
13978
2317
33226
75468
61358
3086
16394
51990
18480
77936
52698
50222
62742
93932
97696
38254
60384
65743
77869
43654
38046
78777
32294
28401
65027
75010
88319
56058
50794
53619
5248
44239
22356
67813
97661
69988
14974
81271
53799
16495
49003
47644
43822
56604
77440
61390
58515
61040
24244
74179
66797
79947
45015
2805
57298
49079
87484
83581
31164
64037
20326
3724
82321
81752
8796
3569
74731
9615
75431
6371
33213
19130
51804
36741
95123
61672
58263
51659
81685
90752
53085
83645
21225
32365
25140
58912
68296
55277
30043
41566
16520
17412
80493
66761
23883
35889
34965
73401
81660
7837
41921
33803
56226
39849
77107
14424
10520
98114
44574
8134
29796
29202
76127
70509
83368
83861
32344
55512
94111
78136
96264
74941
61946
97706
73951
42572
37423
35724
84350
448
75003
81688
2411
83689
82603
2033
71956
37987
23301
55041
4095
88417
3068
27903
48743
43860
87247
47959
17348
36907
36319
88545
86034
85879
85516
72540
30336
77292
56087
30524
66876
71282
94954
13388
80920
16551
32873
59079
87007
62955
29469
51538
68605
83803
63388
26314
16050
6147
35170
19665
31675
11811
24656
21815
49841
43149
57301
39920
20770
59102
27881
24736
96556
91181
70849
32859
44911
11212
87380
85327
57156
45176
35798
92816
18023
31713
12318
48447
44458
260
8562
71283
59036
50121
88460
83475
99266
56267
81362
918
76104
73753
21250
74650
80455
20030
92593
44434
43355
26492
55973
73489
22707
55673
55549
58233
95939
31180
16879
43499
50408
49634
26839
29741
57059
66572
7877
32298
37557
65341
12179
4471
81264
58688
22765
11230
97703
83600
64618
53222
82657
68321
60079
72044
98105
34238
81081
18442
77842
23671
72542
40006
95847
53473
7579
74297
97021
31701
16847
16760
58964
79035
80883
41241
11883
31866
60806
79008
21434
78880
62012
68549
71433
67840
21718
93768
82536
73947
9451
29775
92227
70342
65176
60978
46713
77782
69453
88900
7128
99107
17131
91551
99355
56403
75944
70778
43058
94627
76768
1954
68294
46765
94137
92272
93991
190
25559
13228
81567
33277
97158
90361
16547
20125
32694
2622
97499
92378
64385
10106
86719
33484
95294
94205
45490
78558
33208
79909
75216
14062
80668
41522
5207
46200
58981
21185
36681
25823
46295
21469
62677
92544
36989
11839
56892
39471
81526
111
5916
30375
40617
55808
18840
59572
38144
13614
49981
12962
66092
63474
27871
44180
60818
99738
23619
38496
91463
46160
49414
64084
50614
42741
30311
79522
86861
81700
96352
19913
10210
9157
21820
83376
33333
19854
87286
65483
61313
2466
80740
87029
50193
32086
14216
14005
70023
69633
14154
59673
15843
10219
45998
73705
28881
66060
38893
84524
93816
60681
3266
36347
45036
84006
58477
78317
97156
67917
60537
52612
36807
3045
57802
22908
43485
87722
38181
11469
89816
39967
83176
84310
95127
6804
24974
77058
24419
46135
11858
8903
99443
76927
32762
2669
46913
27638
79019
87339
92948
90790
95998
92724
31835
48615
92343
60358
99394
66340
5448
18922
83328
25879
91966
94607
37940
22861
9771
90154
86271
18863
6906
4155
30822
41810
66092
5179
92748
7734
6243
46765
80285
45852
28190
96025
95932
37487
75938
9730
23780
97164
93974
9324
49700
87890
13689
61367
64907
65301
2506
59688
86068
30009
62403
92056
69141
95294
59364
41823
59555
3015
30056
96695
46368
46152
46007
58817
18172
52422
7571
88113
49770
2585
39340
39381
46237
91638
51277
50491
86069
71668
48398
76438
22372
12759
5334
14388
72577
2487
6666
27444
78687
73104
80673
98740
18325
26025
64570
76561
71074
93849
22521
38111
84258
85880
85386
4884
27105
72913
56797
40469
13667
92724
3991
50964
21993
67661
86073
73348
54447
58559
39587
557
46698
46868
78441
1837
95367
30603
38576
64402
53121
89924
22300
23304
68333
90851
98391
46562
42420
71010
74184
18945
30421
59738
70782
75650
13552
77983
83841
64941
47844
91740
50180
66340
68152
75799
19186
73351
43278
34464
65695
50030
2754
31994
12555
44862
75978
33012
94321
1396
5842
58697
80951
73144
61913
50856
59052
11152
95503
57340
85377
71401
29289
16170
44977
37691
63264
90561
25904
61913
57417
55442
31543
36474
11452
65899
97737
94022
55050
13346
50355
90385
28977
37162
67512
83898
76165
12898
60160
47810
45567
95980
27083
36999
46719
50114
33192
56472
79270
63876
12066
43426
80161
8227
83251
30178
71227
8286
80072
86728
11036
56063
37631
94471
66251
19788
17413
66735
91860
80545
32493
37616
16629
81279
72479
39567
2173
28354
83114
42026
36805
11144
63987
19994
17599
77183
43410
75516
79752
49120
79231
920
14842
28324
22264
90703
43020
97886
56603
11058
15036
52818
71492
77796
25636
4768
25827
14990
46669
3093
4717
86850
33207
59126
73360
25018
74376
33965
61230
466
27828
72470
37307
64526
31933
60262
91561
23661
61774
51607
2123
54074
28745
47134
99682
51997
52970
48439
99763
64644
8486
31878
31165
15326
71163
36967
22695
45852
43495
26766
30366
13590
38081
65192
97166
49353
75197
30503
13018
46308
80767
61691
79401
66987
42583
82084
71190
17648
1850
71925
14102
92661
8976
54630
71796
70490
26337
3551
83751
91087
85615
89424
48164
1793
11469
85954
70286
11439
94123
78179
53558
60201
78795
67217
31056
82864
64557
48601
37575
20048
22173
35179
27809
13800
10093
64182
43935
75357
57201
99405
87006
85308
50826
63524
99526
50929
47982
55837
4147
97387
2577
31366
52443
5526
72337
20142
71380
57626
90011
1417
88665
78350
50380
41506
47898
31144
73988
14712
66057
44540
15710
30028
40253
66657
94929
69157
92256
61279
82529
66628
39749
18046
42495
20542
19868
15515
5245
40572
40372
42587
36769
33591
30133
43741
21890
60345
25070
1393
61467
77749
81041
67123
39534
17922
76871
15822
61556
47404
16749
64917
51790
30347
13784
35319
24616
48825
40180
82486
58120
70792
2524
89420
64761
75362
70440
26562
41968
75869
85621
54487
41755
25525
29093
89900
71620
66407
18656
65992
59562
2048
48548
7494
37177
20472
61519
95547
41156
45916
34471
70686
69142
10127
40071
50321
59888
63702
95757
59059
33808
4369
10957
40934
8761
82831
11680
2130
14882
91690
80905
12949
2472
29861
78021
45709
51496
30025
42609
30207
90063
42543
45138
53436
91899
61403
31982
46505
89984
2102
97317
59507
39118
19633
89607
41780
40637
73234
1976
38957
33645
87867
40389
67985
59975
24850
43656
21205
48503
92310
15176
81793
15929
41005
92756
64235
39711
68216
86786
82582
73299
56287
14207
51471
88746
90164
75810
7968
70517
13495
68863
6852
30884
57905
60011
50401
74777
71917
33613
73969
63592
12833
34918
84426
28130
22339
97599
47247
23947
70513
66054
57168
99548
205
80913
11905
23678
22581
8140
96476
39565
495
79822
74364
68207
6481
9676
26301
3468
33561
16136
87642
29129
49081
33803
16183
73974
51429
69803
57668
45926
22085
14333
98507
81966
18123
35579
92438
60890
82017
99021
2610
68167
46572
59151
3429
26516
99089
26091
22136
97675
51936
3428
73977
67824
18940
12652
25669
68970
93021
50944
89960
75188
10628
72910
77221
40364
71784
61417
11732
47316
46005
78003
93386
29876
53743
22906
74181
19351
67448
56944
41882
2849
81793
26976
20229
56376
16620
32761
76219
77372
21067
97157
57473
5629
67902
9561
75117
75312
22564
68621
13749
9077
34286
37667
67972
97511
92415
28219
21510
47721
51748
16146
56347
82384
69176
8425
25632
71081
58230
74467
4753
39107
8119
20091
31925
95320
68875
70756
10692
44546
77789
32849
68447
89607
2543
9655
34982
27526
79949
29006
68497
90621
71696
49136
46069
84305
71213
1363
44078
2048
81434
11846
16702
4622
23009
70518
73367
52860
4605
86191
72757
43985
81438
15006
53354
60878
83740
7953
74532
13721
47905
39920
89110
14585
47392
36228
27946
65898
96121
78901
11269
94362
16154
90465
23076
98892
31665
14878
1934
72341
26064
72890
31923
26407
39679
22209
93429
26997
43144
19116
30221
7018
92706
19363
75414
18319
53956
86419
14408
70776
49656
82010
30319
2051
6677
34099
93246
89817
69411
74792
64251
74818
68487
49914
27271
82675
21473
24703
70760
90854
52956
55269
49170
70063
74330
93475
68720
99615
40850
13026
44791
71192
62395
48857
78449
90183
81902
71224
61423
20814
38761
79273
96253
59737
40698
57540
16049
12111
52551
85392
71275
80951
99174
53058
5861
32198
41369
76617
39110
7389
49310
58373
41907
25285
68076
90846
81948
46822
81942
12220
56068
57718
57178
18462
85683
58124
51065
13818
52876
57794
71596
47215
95347
46893
12195
34501
23235
81011
52351
57496
81587
99440
76914
26154
22434
40514
24309
84602
94222
4979
32129
75585
36284
16253
2912
70591
91390
63817
80877
86686
73376
99666
22686
52362
28269
66725
20794
75792
69465
63324
39099
93829
90037
56432
41155
27995
90956
39571
22872
89458
7692
25241
68209
4880
65466
25584
74587
82664
4716
22273
95739
32960
68044
97545
14979
81990
50323
45072
18354
84950
4324
99175
14231
7606
35795
16120
48099
7527
75054
54424
37122
26747
53883
27291
65758
66938
79676
74735
90977
64679
12
50370
3103
44802
85443
4647
87507
60737
52657
85320
23040
83623
86998
71904
49081
10913
55749
26113
82245
88957
46867
42249
497
62277
75046
775
18909
38107
13246
98122
41199
55579
16393
58837
38919
76603
81359
8031
13642
61449
2723
38588
15186
47204
24397
55546
79317
79514
45129
7754
16095
39856
79659
57952
32368
82692
94379
68031
67546
94953
65514
9313
29810
38059
11359
44588
59361
84086
43564
23106
41201
22777
11437
6219
61919
38284
40163
24093
46202
16553
91624
45517
91888
63849
8849
74997
18198
56247
14647
61089
42772
32778
7930
86166
96338
19960
95872
84314
6483
62361
92167
74066
47519
6794
12677
18545
66599
23085
71664
34473
22129
83641
64655
54432
32180
13050
93678
52118
77271
58977
69800
86699
17825
26149
77932
39948
54929
85522
43469
80163
41881
76739
26699
92489
46558
84927
36337
12259
7532
39876
1845
76586
43173
1766
28926
90540
99286
50322
25554
20740
30319
21278
16276
68292
77852
13442
73688
46606
86552
54184
85848
48312
29600
64413
78336
35342
39865
97290
1968
15202
92157
82044
62031
60242
58654
46005
30023
39280
3276
41098
94662
55975
71570
87934
59781
59750
41430
54229
91009
59466
84201
14732
61697
84627
23947
10130
15153
57296
13941
72679
32118
25135
75557
57937
86011
88640
33243
91459
82992
64796
6765
23985
71777
10133
72024
81193
13990
55929
2896
56137
99039
24422
15177
96752
91733
873
40207
17535
52079
22559
26239
44420
74507
8661
5189
10936
78683
17117
99801
41729
62705
95377
75200
34074
92234
79755
44085
31787
76889
79214
61933
30245
15313
19276
65154
46222
69832
9240
20181
15050
41372
21807
56149
49478
25864
34599
17279
70093
82773
84825
6140
12706
26674
39098
81588
49535
9765
68791
39612
43163
50703
33279
44990
99746
90232
33793
21507
60585
30311
40833
97907
86586
51323
32733
31208
10490
80677
88723
97057
42719
42182
80594
39105
40334
22678
29962
79515
15616
74359
65302
34233
625
14847
90578
19047
80900
77177
20408
43348
92040
99706
77615
84971
58653
72102
19333
25761
10039
57214
7462
81293
90388
29982
10724
79268
36546
48939
5852
39289
18550
6806
7893
76754
74287
68422
20665
60171
1627
85530
59923
77042
69185
46318
42095
37256
14358
75752
11020
41267
28414
97834
41387
90048
98532
42843
89685
98984
53048
87745
22285
77690
3787
44472
41672
9550
21821
60494
11512
32958
41692
76952
65449
2496
87808
67651
22009
12849
76307
36217
77637
43071
4454
50181
60984
68596
92117
12708
4442
58777
12906
56704
52025
71793
83195
96287
19756
49281
13500
85911
64079
91748
11883
63882
2254
79250
60523
44786
23479
85748
96568
93556
69238
40247
66432
65194
16001
27710
96010
51620
9720
15623
1267
21338
98389
54008
51243
19177
58237
2363
47389
1382
72308
87763
79748
68460
87389
37581
9863
91347
51303
62783
4010
23344
70485
3858
72184
24437
7073
1400
82869
7867
39601
72043
68833
44948
48361
37154
73215
20897
2179
77959
45873
54965
50709
54558
44542
33113
23183
29986
34254
13403
45360
68973
17841
68689
6934
38593
5367
23789
13862
83223
78608
98716
11358
80767
63456
79109
88285
24895
29874
39170
3426
97680
43909
87209
50905
57384
19490
48733
57185
26155
36080
80017
75001
88174
97425
67244
55305
71218
33119
40384
56401
45774
4012
36286
72667
37159
89830
46362
39653
36083
7617
38624
67020
92828
97689
69031
93720
49915
51148
17226
7185
644
37201
42979
64618
45626
59372
50634
8560
36047
36637
42555
92590
78075
70319
10087
9700
39591
12322
25845
11685
29541
46184
68947
1998
42928
36976
81638
76757
22100
24329
75282
52013
87180
95496
19236
20117
48790
93548
63348
98298
32680
71467
54920
67178
11502
76691
99487
93567
97515
98238
74339
53272
72818
4584
47628
45514
4184
55887
48561
81345
19000
83115
5004
45485
86445
45313
84290
10429
70324
81028
39325
48182
82707
47293
18498
99521
79639
48373
33870
6689
2133
8962
55698
3215
39744
81730
45885
59709
86565
50868
63722
69524
22003
29257
29743
89877
25870
70307
3612
73476
30221
12034
19521
8889
54431
86967
73059
9009
28705
14454
17585
43232
40055
24243
95322
38568
21993
38339
41592
65282
86490
29892
13276
96926
49825
20966
4989
21472
63382
83828
97354
99313
85468
37228
64223
5487
73343
66368
38553
24383
84908
97147
41445
73114
65224
63497
28059
3134
60997
22708
3648
39911
74373
82816
48637
15977
11570
32580
83747
28267
72085
69541
99853
66660
98507
50857
37950
56144
86922
1337
89471
25684
34922
18555
23530
76954
53715
48868
73524
91863
58072
41995
6595
65243
74752
2195
32978
51708
38712
4361
41953
8353
98713
30647
86761
98820
26009
55821
73548
60106
67197
12931
92949
96786
99811
74631
1142
94083
51422
88463
93002
33533
72859
39138
11519
68985
1067
75530
59026
20752
65452
83582
94414
15833
92288
95715
30821
44203
37605
80672
2317
17650
59326
74244
80723
93089
66414
43267
92772
41175
91705
74336
8766
45517
45038
60740
83187
32164
66068
88287
88531
47658
71313
20543
66901
88411
49901
47192
86461
48984
52513
13479
198
94475
89713
8985
84543
90419
12045
70429
49396
27707
92518
15091
70898
25909
73536
52500
48044
93181
88552
65613
15305
1138
41459
72209
8210
6623
10961
62795
70026
75314
10048
85352
47730
64886
1918
33329
24170
60481
69245
6200
12337
61301
52580
84280
32748
83886
56641
16388
97935
23569
82364
5116
51128
21435
41651
74675
12093
47132
14139
81263
56058
57162
31167
21037
79905
98113
76190
55745
90706
73385
83625
6301
910
81473
79218
8623
11879
32231
3328
55888
90818
69220
50406
52299
50832
81382
67372
22620
44122
46913
30400
12161
38537
38713
71482
43117
11817
68190
85649
81210
90421
79724
48763
83379
40559
96459
62479
52391
15168
15153
76125
90865
10177
19
23943
49851
51486
57059
30402
29741
67067
83308
47943
71070
23378
8167
50773
2716
46919
10457
31994
82863
66780
80629
80518
25598
19309
35739
30077
95371
27515
4690
54004
79754
52552
18503
99416
68767
14009
66473
34275
58381
47262
84599
77532
69929
49653
1086
58487
63588
31348
52811
18558
80757
12294
97266
77005
83601
19730
2561
24516
20323
79468
53353
91628
36793
95277
93661
97091
1113
77926
65448
38380
91162
26022
24246
33470
68797
61103
95054
53978
62339
71191
48857
92735
61967
76857
20911
22647
95067
39371
76414
87540
74354
45765
35839
49257
78019
32308
49840
17180
94253
27804
81345
21641
56394
73593
63762
5817
98941
90441
94689
9216
14478
51149
34500
21819
21160
58097
34271
4550
84454
14412
97608
98579
92508
31987
72499
25076
74900
80441
53246
14103
54212
98037
24275
79539
64478
13854
4894
8643
17030
29500
79441
80377
15112
2294
75254
51182
59403
48934
69863
6556
82187
59216
52561
4035
70067
29345
19282
87346
85101
41110
67477
93515
55135
64532
98189
56532
67418
49623
22829
90863
55936
75471
43304
85959
90852
28580
13600
91200
90841
45898
44752
78418
81120
87956
61675
35123
93948
19050
23378
98950
41366
3916
3382
29057
4615
66995
9094
77853
31472
29004
57451
55161
39644
69005
62540
19504
61900
27770
36241
70262
89172
49194
74319
86765
54967
27175
58419
40544
36266
97397
93599
22628
63824
6989
97915
68014
67128
43416
26700
54996
19562
78414
10060
64498
74337
19294
42767
5484
17868
8408
8577
64097
40154
9124
6157
66104
78429
1015
81614
67816
76123
93015
91813
22569
66889
64909
69705
69104
71611
22075
28177
76277
56734
46356
75917
73363
30132
2566
88012
75622
52823
55704
64251
51251
30803
3446
80929
48196
65562
44422
11978
71693
75722
53832
98088
79282
97245
26628
61727
87142
99475
91870
71510
4594
96615
78569
13078
83033
38615
18353
94887
37546
66027
23155
40580
75023
23791
99361
13390
68628
72643
49568
37736
75353
11213
28876
97587
49543
68884
2774
44711
13600
89421
77162
29429
99404
30445
95017
83551
63113
50589
30019
36498
82380
86498
60869
54344
68778
89130
12566
62848
32470
85617
75353
15202
32136
23639
41442
26356
15208
60852
33106
46594
89601
65354
66570
16624
89945
66613
66684
85985
69844
5778
50750
55595
80111
79109
3773
34892
83840
50117
52752
4632
67732
92656
33607
33954
62491
87158
17973
36364
86573
73493
65104
14265
3125
36363
19657
86234
72727
47362
27711
26461
39854
13910
59275
78134
14374
71213
17338
61979
87018
99427
87901
73941
37625
30915
92345
4932
88963
67091
74109
80443
36083
2732
14626
96815
36382
66933
79055
47808
23395
11973
43466
19806
95470
45946
58637
8537
51870
81793
33856
56475
64328
47937
67842
52519
17806
38053
79510
79398
97615
45844
80492
2696
12624
93808
35610
11464
42340
92776
76845
32282
64812
71545
27943
19111
99845
33380
97937
57004
31558
49448
8930
37202
16084
1108
29113
51105
67953
53830
61164
17969
72992
37867
50395
32109
73770
98512
95191
48945
15539
5055
85570
49769
2051
98053
79658
5482
96429
34391
55497
75727
56516
45804
46000
57649
38240
1384
12728
91763
87296
34851
60427
97030
52601
31951
47599
1469
35140
52081
76627
70122
99074
41327
29309
34672
73943
59953
19431
1627
64495
24730
44383
19021
7050
33642
9360
73776
55118
28651
84307
54600
6341
21716
86666
79095
87576
83187
73172
2836
37489
44662
62630
58936
345
88555
51050
25150
54577
9699
52000
81205
27362
98239
45658
11466
40122
64190
91979
13193
23701
70697
92706
98282
55024
50988
15477
10881
80698
96881
41272
21770
11750
26644
88325
77289
5709
56473
24531
67906
86071
85169
47011
53621
38116
41470
98449
34505
13199
19493
17337
38747
32814
84032
90577
89565
70697
82772
99017
69431
72319
16902
20441
43589
71434
13317
78778
73547
13100
15188
69503
56649
95904
55522
90552
34716
69652
54638
12009
25869
46051
23029
64518
3435
34772
3028
4485
56227
22305
13818
15944
71366
92241
68148
36476
18551
5050
96317
3645
30860
66051
63988
50463
1056
62035
59968
48236
74560
4717
71787
11921
66560
43384
88297
62460
48015
92006
41362
49428
43992
54204
18396
7751
71105
28656
76281
55515
24320
92998
4192
7635
90294
28988
59181
12555
78440
68777
36070
28689
60240
53372
83790
96191
37566
86037
97684
53971
83380
88413
82272
88114
99617
31506
60957
63844
21130
46334
39045
62462
53389
56463
20620
5453
12590
17697
72576
54930
70642
37326
83687
4767
56463
66631
82090
95181
78261
32
76622
60267
49497
57982
96085
30297
87325
29003
81353
29544
88425
280
17107
66143
72442
64650
75717
36426
61605
89510
94268
95566
49272
21692
26656
5107
20778
83355
18286
13149
39182
13094
47186
75210
17814
38974
18163
45697
95686
66242
49978
69379
19035
15328
33724
63123
82827
37209
6740
74818
71144
57755
27256
22957
73836
37407
31535
9076
78807
88818
89471
34062
24844
21501
38981
24521
19095
17697
64629
41617
41823
14517
47602
67784
64090
88254
5686
98037
30590
97362
78806
75058
65784
17731
81149
83520
97905
10117
32609
46666
10961
79934
15144
10945
71693
90722
72372
67159
91318
35933
46473
31799
75500
21085
17367
27123
58098
4878
60849
44683
29530
90751
85179
12422
20048
3586
90766
62233
94816
46311
56929
58861
52891
32166
40785
91298
65598
12163
71500
22670
7322
83935
82614
77912
98907
30954
53185
75807
11752
79350
29624
4564
39342
63538
50892
72644
14394
98495
50799
83053
54665
79347
81888
85730
64355
48015
31113
10028
18856
23250
53354
20523
32295
32944
64111
78095
9292
21568
61751
72541
84676
40059
24648
8283
32818
80371
4157
49627
60745
60114
4930
53152
53001
20700
10459
39742
9507
48107
2277
60013
97548
35249
43973
51789
94457
86463
30730
90151
73588
45349
76955
71593
92751
58190
51345
66126
7909
46694
18370
15429
42695
39162
53664
25141
82271
77891
78222
59321
46901
70230
55419
24525
58
3091
95655
16268
31401
41352
61833
25335
54907
41855
85718
95831
82680
91278
61470
24533
51097
43570
66581
42570
22373
61988
47927
19360
2831
59356
64414
61006
32861
56252
73479
94211
55293
9798
83061
15531
33126
920
33998
55271
40299
3643
22080
3686
60243
39415
84251
88345
57587
65058
43975
3487
56105
222
70082
95992
98712
48552
88276
2473
10464
54004
34537
20974
45215
22158
23844
63322
11414
58930
13487
45196
83976
56690
91861
21405
45979
86293
98122
83389
39200
79517
17294
54979
76525
18872
26059
38440
38961
28855
13001
16736
9540
61052
34077
37315
70645
71965
6437
54330
23169
5071
78038
50842
33245
24008
34217
82700
7965
24200
92391
95440
15346
41226
3734
43171
87392
69061
3088
45469
19247
83794
93701
71408
32508
4564
57832
2038
96319
88411
43836
44974
97330
46898
89812
23141
23945
37665
35421
29014
12812
92409
97623
45269
55701
34172
26453
90488
13687
23913
30547
88280
27711
29278
45948
12530
57415
94110
60175
34122
19664
69447
71897
1963
43067
53305
39104
5032
61600
59503
56804
94321
72044
68717
35581
81028
40268
29530
36274
46893
83404
3725
47116
96768
73903
18730
94217
88471
11604
5967
8237
3581
74138
16187
14636
19318
37254
94849
36514
21865
21765
2205
13004
27324
50604
17790
56996
77014
26037
58865
75950
70003
20192
88103
96646
88755
28389
13811
24002
99702
61103
16233
57874
44011
98987
89098
81173
5763
42000
7183
95116
79355
85161
8700
21487
24893
94725
6606
29816
96692
15084
39999
60353
59449
82049
15142
65570
30951
93993
67384
12522
31828
52599
54813
98279
59669
18010
24155
36629
80576
8856
13045
1071
95189
81754
72105
32450
55000
99525
73150
89251
87017
30384
25807
55254
68227
50155
53156
44129
44998
82099
39642
47390
35456
55545
56550
5050
9194
34559
87631
17626
96261
23872
24715
80900
54327
23688
14495
24112
91358
96400
87363
98886
88262
71148
28799
12582
11810
16453
60924
79982
84502
67092
3112
71065
93582
49344
61471
18488
41513
43034
80267
93966
39006
64488
30797
23240
10453
49821
19904
15039
18668
27422
38245
54462
58985
33381
48170
98711
96285
47430
46341
32879
9390
4550
98354
45090
11123
62352
83476
56339
71981
39553
6279
2487
29969
29116
54565
7081
98131
21197
53706
18491
52648
93450
98588
90333
50111
12027
1386
89761
87892
23754
49768
41146
65806
85343
17556
98862
50264
99077
46553
66853
19815
21189
16295
36841
7185
83538
74543
59481
30103
23439
891
84578
10614
77499
50632
58966
30263
57396
8544
65035
37061
95607
61748
66158
10332
77989
44581
60428
18654
26034
79388
74335
14838
22676
66194
81802
79157
32693
92253
54131
67846
6851
65907
31105
98494
33490
87871
70086
89463
17458
52643
55351
54115
67566
54415
8853
69235
28149
77990
74754
46268
20271
98088
61185
5475
25086
83630
74682
70872
5793
75786
43585
36259
8325
37552
28879
94626
76736
13039
1749
51327
86450
40730
81088
58381
10791
56733
7112
70589
33377
75921
86641
53772
72483
5123
99955
23864
17421
5002
41849
49095
50119
99246
69387
42095
63197
53348
91957
91094
16870
63143
50547
63280
82135
3313
94703
47662
3878
86466
67125
29056
72439
5571
85955
73215
1777
11627
42629
23504
19943
79089
38606
62938
67595
71845
64947
98937
85975
29649
75089
89910
33835
80385
43647
68140
77633
4494
44231
20544
50512
35952
62886
93462
82412
93313
3996
47823
56969
1902
76221
1052
27087
46734
13231
26768
11876
45567
53652
2675
83742
28354
87101
59915
99632
12441
22965
25052
93961
65583
99510
61111
43097
19496
99884
40762
71681
87530
17007
79811
17414
51249
6339
65219
20589
26262
27742
40566
2275
94045
87566
27435
62607
27448
99187
80843
15478
39984
89119
53435
82002
87651
82065
46350
30708
4348
42038
30963
65697
77790
69514
83804
11667
78210
92651
55201
69215
54978
84546
16391
19877
97868
54208
92143
27004
77122
32353
62489
34856
34595
88390
4180
98576
70686
56853
66822
93049
79182
65467
30363
70996
44871
41703
12787
44768
61155
95471
6192
81635
49916
40198
98170
57009
57689
98116
86947
47773
51668
70949
82092
42458
55742
25409
64709
94601
94143
33459
93073
84198
72060
81006
28236
77791
54154
42952
70389
28132
20307
61773
91761
11999
37423
75178
24025
41529
90253
27413
52001
43606
10596
75147
47041
38149
78814
98892
9043
23122
61065
30619
24928
23427
79960
43081
51948
79473
28409
66071
6683
39521
66623
33826
19911
20801
19950
86981
50902
56043
72764
37613
48409
35890
16684
64701
79807
42564
73941
93890
18386
51567
13238
57724
60250
74923
34617
96799
86322
57235
55847
38756
32601
88186
51502
17889
92694
65652
824
63256
70173
61171
51399
35670
19662
48233
74994
35825
88213
56079
47346
86630
43076
14662
4462
62937
5411
86981
1574
16097
28281
67915
61468
22882
59405
39540
81724
49061
87063
28520
85681
73552
61775
7674
70691
37602
61407
28526
84792
10076
54317
19557
19160
60386
21034
88115
12452
163
24738
74411
76896
14939
16696
43077
1936
92523
63163
89341
29949
95951
2982
32672
67559
61133
53065
16262
18158
50173
34988
42983
75185
31715
97247
78091
52308
64912
89207
87640
30477
48846
76074
90581
34262
93645
14488
17959
91930
98136
79185
95497
41157
85450
85238
27819
41097
82065
74458
10216
21100
64848
2340
11040
94864
48078
87432
48713
51802
97746
10828
34042
69420
29705
70871
83553
21001
17343
30996
85456
15178
77644
52458
50188
52738
15111
34716
45075
66198
22169
74398
93454
8669
30943
54130
72872
28150
48362
40532
67651
88936
92043
6232
23288
87180
24201
70557
56144
37632
98116
26748
26342
89865
6149
9174
67919
11662
71067
95188
42086
19442
51449
14405
75473
86806
30064
22534
85232
12285
53814
62352
12030
71787
73016
81871
59623
41134
89160
35694
62280
34788
4117
84555
38416
98796
266
81251
69917
60038
60124
28074
65125
68608
95777
20607
57243
99081
32570
91124
54786
41292
70326
38656
75599
65035
21114
80828
94875
90309
62420
16076
18317
14651
60092
32325
24775
18960
61491
51245
58857
39141
61983
10532
51601
76275
25061
70700
95357
97646
8891
1910
48567
10318
78194
37933
47696
67073
31434
36583
79208
53435
58888
53431
83302
77015
47362
63361
20406
54058
34228
87195
85910
28682
96002
61602
10927
65261
47822
81485
56708
53895
6326
14923
85086
3293
99748
10451
4211
49078
17728
62690
60387
73095
40791
71435
92952
15202
88418
75154
8120
70779
39331
44432
82391
25561
62855
35373
59946
16182
94124
87337
1629
5557
69652
51741
30997
20564
98817
78291
70795
55142
19444
45839
51198
28061
80323
4879
58961
8220
67694
99496
9319
14977
32559
64714
38647
79486
40462
16910
91447
28565
98115
50350
99891
59480
6407
86055
84416
17366
91201
14837
86379
38930
35438
29574
80375
62582
6361
28880
12347
18886
14981
67901
82965
80580
68111
65129
85390
25199
52323
95928
70375
38028
70600
64848
61137
8472
53272
5734
11503
37286
79900
78222
79450
98975
83821
77612
96187
26876
94437
97530
16964
11431
90439
55298
87088
63980
61813
22175
54357
1676
65728
65650
15343
33135
95614
69439
5719
8349
45814
32012
89787
85692
19362
20409
90519
382
86799
36556
6973
31638
6774
64597
85192
97664
14762
59645
37584
74045
81088
70141
97221
53152
33030
7284
2662
21140
12558
52859
57274
60661
24830
66487
23419
79493
34049
91520
80098
62141
124
83219
39809
63271
47496
63390
67263
72014
66002
10530
75371
98378
94385
39230
7464
56560
60776
78872
48218
99476
71911
77982
5894
2560
11866
21185
60939
2372
80226
14257
65711
24186
66302
77123
99765
29199
44567
17580
54171
88353
41295
2435
63690
43820
48032
59254
20243
21509
58618
96787
52279
85069
51004
52400
93540
77647
60993
44488
99882
42390
61171
50635
4739
40184
39174
49530
8399
31805
27788
19052
67317
3869
61066
63302
29145
61509
24040
603
42487
9902
21367
38441
86840
99276
95951
34809
22738
64502
57827
67995
99993
44411
97759
693
23940
79806
88855
61089
71198
78985
68872
46025
72564
901
44093
77042
37483
54833
99267
86363
79251
89611
20455
52440
75066
99818
4416
69450
84412
98115
44479
40904
66055
86399
72883
16604
97218
51285
63830
87287
26077
75544
4909
71285
36360
64873
5471
15241
31540
84961
36402
96879
29361
10498
73768
71107
95030
58023
71279
49495
33296
93060
39490
82938
54359
58742
8332
47958
17941
28914
19018
88303
85671
7619
9288
18683
98686
37007
97809
9724
45296
85119
99407
61968
69742
13006
69164
23870
43918
6788
82522
61882
43922
30838
54808
23704
47769
33444
47825
53102
46201
82644
36531
22000
7232
68613
26891
15363
48175
18833
86674
45213
18996
16797
85314
51323
25766
74549
49252
14402
45342
74642
92892
36880
89914
59333
74828
74214
15900
55060
86611
40553
22971
37017
64544
44416
49068
69170
92782
48305
45105
98506
15553
12856
53006
42157
18123
74770
65126
21010
42560
2189
11926
76498
45038
91652
19718
19871
10594
76014
96396
35105
54546
45787
94181
29195
29241
2607
17305
60946
92970
77356
78745
9966
8431
51863
69664
92021
98653
2798
55583
44285
65584
69815
97317
53207
12129
96652
31072
80165
93299
73957
87690
1901
75052
30953
97079
91434
38033
81528
20295
59030
50026
84794
14982
98380
26975
26586
98048
83799
66636
58856
75914
99234
36665
57467
69273
73948
87119
83209
22776
26369
60006
41738
57756
76558
2578
45626
69112
24986
713
5378
81724
18638
80144
30586
99335
17138
64337
14825
72546
8827
64162
85921
67702
43846
42046
71955
25683
79103
56924
40538
59329
57195
66469
58267
45226
85316
69414
80539
26012
58905
30987
14765
23061
40957
82669
27307
13015
21882
97
90598
88012
8574
42065
20236
65133
53184
45754
36145
93239
57327
21980
52542
84875
53842
9832
79024
82068
65169
92018
38140
8241
20848
55989
46201
64750
95365
91666
76622
28051
81654
65561
94812
29095
88508
3593
12468
15362
88054
1265
75909
23208
27952
84192
10991
55046
93707
59725
25507
46407
51289
74420
44132
73980
68235
71805
66039
93995
84280
50816
7215
27166
9260
75307
75015
69256
80010
2653
26983
85475
32375
464
42878
27650
97453
11773
31720
9080
9404
58305
63792
25147
71074
77850
24886
6318
99638
26784
47550
70274
61796
39970
35249
52431
43405
89126
74753
95851
91589
251
54618
77689
9333
88265
70952
16621
18598
90640
31028
41245
12684
98233
7432
87043
13075
84949
98518
62493
12059
96148
74158
6196
83959
45912
48599
76208
41575
70378
13847
93506
93154
97681
64488
36058
97715
84151
81122
11433
33219
48823
92956
44421
62397
96506
89551
44188
1242
21076
34833
93061
6666
59236
32737
84057
89647
76101
58523
92962
24932
56327
1596
85964
15027
2900
92550
41996
39784
51533
90415
41121
56785
75493
60714
83397
52564
32291
51848
68647
1386
669
55612
60470
61206
79763
88051
87643
73381
91943
33014
43817
42432
85017
50616
6393
23987
68559
31239
87179
11469
82019
35699
3916
51683
64852
31674
55427
46032
37213
35657
67215
1694
57622
47658
98484
49495
67327
55880
43612
78709
65988
41596
72000
70792
50749
90109
6011
45712
64890
95059
3472
51519
28233
46938
13402
2740
83168
43951
83860
57376
47851
48202
51493
53470
18381
57088
21444
24450
14387
90885
60747
76917
95149
43566
20531
3556
24817
5627
28764
81750
29598
46213
27453
3579
56973
82639
63335
62093
6578
91217
55865
58215
22570
43189
92993
2187
48441
87896
96867
80818
60569
11970
24882
70680
66137
25168
35850
45665
39601
25477
3401
41561
54720
30815
24862
50829
30678
34709
19104
1979
1471
83520
62702
60177
86380
72996
42175
35545
85672
595
69149
57973
20822
42964
3266
48216
83744
83011
85733
36310
67858
49523
90154
98332
53440
91146
84023
69484
86422
49525
41966
83337
84883
90544
10167
33204
38547
12337
62981
64473
30202
66044
68001
1096
30718
74959
29029
17174
68232
89807
53932
45077
13611
65232
69188
7663
25365
71080
51675
23973
1489
14510
18678
44842
48463
99397
32993
93987
38434
3522
15461
23960
56134
8802
1339
29824
86322
6528
48840
73570
38474
66622
51354
64024
58347
66676
18922
95625
31741
94727
21021
58223
64492
85248
63641
65333
69858
70907
44821
15969
86878
19130
67237
82867
56398
76921
98187
77609
11324
82361
61246
49087
5285
6736
53729
86564
38690
49319
88149
88404
89597
7335
4152
17373
36164
52527
14975
36984
95554
28523
56169
13256
84601
89016
10740
27204
51663
29717
97183
98518
12425
46884
19745
73500
20138
49487
88315
20830
34929
33264
54803
57426
12147
42098
56207
46516
55796
84520
92220
23302
99
31936
76037
90946
84999
21969
72877
32932
3823
24524
75794
1952
77320
34911
8166
13503
2663
19501
22012
43609
819
317
16292
81813
63889
18982
99833
49548
62694
33010
47942
27838
7997
4104
65473
59599
68744
67870
93484
94759
17737
60343
79774
20281
47602
56623
94403
51196
93106
25866
20281
22938
52062
88498
22874
26080
90576
55731
81056
73776
20078
32373
84848
32743
191
55909
9656
87286
32991
2406
62471
57825
3659
44788
18354
39627
60768
65530
1507
71996
29206
10809
95210
30678
38642
89287
98510
64840
62564
16066
29517
41055
60678
90650
39211
20134
80144
76619
39194
39688
69503
3951
82747
94427
17741
94076
39666
27494
3002
58974
36893
64507
51659
28065
91757
30273
45774
17730
32419
8149
52614
62698
24203
88539
88691
63987
19138
56137
43333
78226
14583
30950
12273
51873
94400
14224
74314
62115
21450
37995
58748
58961
53280
96415
36218
79157
83199
34163
82396
77031
31161
50107
26419
70216
71347
72820
208
2200
53659
69090
38651
97240
42274
22009
76165
74831
304
97748
99890
43362
56447
12138
74263
79918
31655
25925
31462
66295
82129
6888
85751
70444
88507
84708
61491
7627
21127
19468
57699
54415
3273
95863
33161
81144
74621
58477
54601
70578
72460
85351
61279
72587
43004
49329
48339
94600
68671
83291
58385
8556
82288
73946
84903
21095
17867
91967
13550
5389
35481
35494
71477
44910
51335
50875
29891
72485
22536
62759
39327
15606
73687
49158
511
99734
85036
49109
94432
82161
15560
84126
24611
12958
43479
73022
55223
69305
44229
83808
73442
46207
12947
25563
70350
98247
72271
68125
12922
51887
17545
21620
95675
32914
54907
69316
82612
15863
33787
62181
63194
72894
62174
9168
82459
82433
34256
8885
57565
80641
72905
2575
27035
46330
28168
86926
60663
26218
15049
23052
8398
26428
35977
29905
89563
38325
56835
65574
99047
12025
65108
90782
15815
99575
18120
37862
81807
19494
75458
93205
96677
28682
22577
29460
58928
85302
26745
1966
50056
18912
88219
10739
16705
48859
90709
62193
97130
37883
20321
70061
86384
4652
35969
36628
2148
2011
28026
30796
3158
80948
69414
64769
74366
40358
42911
71404
23800
44520
68218
3516
86061
35884
74654
26977
31480
44961
1522
96248
83244
48518
10383
48901
2005
54660
55423
82720
10143
19168
45014
40673
48925
57997
31180
24585
82812
81830
23438
6042
36090
55458
68586
82125
82807
55677
79284
41648
74753
83647
74169
49851
17623
45776
75677
80042
58060
50212
59873
10276
36797
65080
43507
21823
94603
10645
90516
10160
5649
22472
91606
30018
30501
12069
70217
39707
72088
95456
95715
59207
14880
28584
96878
80963
56268
58759
74300
75360
77951
17168
38992
606
26276
49914
50636
58196
25799
7742
12184
8350
37013
72370
84163
18173
10817
94675
98014
41568
51997
52262
84310
65445
21522
68291
18497
18405
78365
83033
52530
17780
31263
87787
47029
88862
93483
32207
79570
47362
35594
56165
83021
55633
12967
56791
83299
72577
82185
46237
10617
69197
7377
45664
12844
23910
80691
98776
61221
24498
31726
60575
91547
56933
59653
17225
62578
43756
81164
2108
91494
75681
18705
18789
32431
1062
82852
26055
78051
47785
23991
80056
10718
89685
25278
28120
78069
96183
4570
25220
35092
23334
18353
97959
31725
42364
85687
55922
19814
89633
78203
40012
10064
95362
68695
80663
23326
20168
57110
77594
3522
92824
23153
58023
82695
36705
78613
54363
369
85869
90994
90255
9109
98264
2163
26531
33341
55999
48512
73393
94742
6924
92291
83376
610
22706
85195
44181
30099
61486
71381
65223
51584
90558
11407
14669
47388
77286
16056
45029
15524
22894
52879
27122
63140
65966
34426
91221
95213
21828
82772
32367
99657
70243
24618
41815
47375
48147
19034
19179
4692
99367
42058
72885
80906
8672
46248
18062
73657
95117
7162
37991
11775
47547
54100
71908
59955
21027
98309
9323
74759
6154
1670
88973
17978
77623
16371
43152
50346
91681
37256
56469
57025
96421
4043
56322
14042
38995
5464
46265
48318
98075
88873
51327
23899
41952
12767
67667
35322
5077
81160
2368
81762
58372
80623
13544
5804
60951
27318
88535
63640
40621
29756
3084
16560
844
40860
22435
47899
91067
41557
75489
48145
94949
43714
16865
92704
73604
90683
18942
16558
73471
51735
87108
67513
33934
94884
27485
58965
92152
37463
15097
56711
10512
84711
96691
40248
68928
52088
48963
80071
70169
2569
80860
15305
77149
37527
34089
41599
24274
45548
25882
36531
79096
33789
8997
52907
25618
46752
26771
68805
79438
10856
64632
97641
9341
16246
84916
20860
47863
16623
99317
24908
85404
4463
13501
3358
9581
70656
92777
99984
21758
86922
383
50412
1526
57567
57660
31246
65883
76758
58437
62952
44211
66793
38293
14999
29295
64781
10350
38303
6855
58071
19016
91597
41738
19542
68643
92806
17947
82243
99251
81037
87752
95142
80652
87406
98615
66383
7918
33160
75256
25973
44785
92469
94924
81859
64628
1361
25952
9627
65286
35703
28299
14044
3345
1966
86250
18780
52259
13058
85689
75220
63806
7823
55823
81549
48778
82751
62578
59664
94045
21859
57212
87869
78022
97537
62251
10840
60663
25720
97573
62119
89907
17324
49078
60796
62981
95969
92588
80732
52880
28691
9487
75588
6198
64480
56696
22840
55129
68396
92955
58754
66848
13852
23252
76459
16519
85984
19941
108
52803
58787
4586
62803
75213
22009
35306
31690
17439
24887
96448
48578
36488
47976
68901
31729
56740
87678
94439
42160
29957
94127
20438
28509
92212
85192
7792
72423
36439
44870
4766
89097
313
10777
96465
65341
87847
76061
44587
1566
48386
2609
57675
30636
10955
30825
1467
65661
44111
44104
97890
39727
92452
39054
1294
19682
5923
98839
1926
48733
85838
12138
96990
17146
42983
56559
45170
54585
66001
82251
28157
29636
30585
73955
40061
74930
90881
33530
84062
27954
93879
96711
9032
14051
88229
64109
15562
61873
45361
75343
80290
63680
55032
78003
94548
78907
87495
72007
82951
62318
52556
76574
44557
74121
77685
85087
86483
22654
25420
74273
59662
98942
42025
73133
48463
16785
84582
62785
98732
69608
97955
37821
65473
20176
92677
11465
84727
95132
37199
60378
46935
68907
84301
88703
59073
25027
59725
25499
50349
69695
79524
67903
27968
88098
2326
13847
2569
10661
12679
83783
47917
38249
65722
3257
45362
99768
63065
85629
47943
84455
14393
72329
50986
47576
27449
83875
35098
55339
81306
49568
7873
71833
41699
47448
12939
23458
40305
89738
35395
49783
84215
91685
25963
8579
58388
64907
80406
93131
1712
75274
13104
43569
90191
36933
43669
81820
36145
50706
33335
34054
89586
47250
54990
48763
88801
64472
55616
20889
62683
60394
25168
18018
37033
73618
85277
74137
17580
28464
38261
9240
62293
84352
33284
11849
25780
79624
5710
52092
57376
5433
60458
83223
23301
80167
35136
82170
87115
70002
48914
31321
23587
56812
91541
68465
57523
8329
13976
30266
56478
95870
46785
49051
47745
29083
49722
82522
40617
92883
73436
26368
65642
62177
33904
71891
46547
89278
35655
29518
54851
85191
55044
10976
1829
23604
55006
29115
44084
40191
79051
31001
44253
63805
59653
18160
82614
42714
92159
43881
90194
70996
93143
17169
93139
42999
49822
9646
51263
63411
77729
69951
92862
27823
75217
53620
17060
53770
25033
11011
52998
51907
660
17663
26831
45184
58907
28207
56959
1999
12818
5422
96735
21074
2486
66937
34874
74879
26006
17412
7541
86376
61738
36101
3692
34283
15793
56721
41025
21997
88874
75928
30885
31067
96275
29139
82102
90115
80178
6459
30605
92951
28711
28303
35630
15782
21049
89872
35930
91181
35052
72951
39712
9525
93987
98528
22329
74266
20080
83873
57065
68372
11608
83815
35560
71757
52874
54862
16117
22164
50026
15732
713
58662
44957
47386
71617
6344
15901
42177
52927
70455
56818
51345
24021
4025
78665
85119
55079
68063
49084
60812
489
28151
66331
57819
4303
74550
92377
9594
36766
59795
90839
68027
94195
67576
75323
37825
34788
12946
16
31242
74304
33937
53400
67988
98201
57552
79383
12747
99077
82280
98933
42242
63948
70763
42311
58261
62401
90047
10590
72871
65305
3777
80290
9312
37858
81213
77859
80877
24515
99475
72709
46821
94361
53999
56999
99219
52808
36505
14555
76322
69649
37950
40995
3037
26423
73894
35435
21293
48542
11017
54758
33875
36532
25352
28064
22391
78482
2635
88187
40540
61395
9244
38036
15097
45150
45922
10382
69902
84448
2044
44365
85600
8285
69353
56356
63318
35435
4584
16568
9710
31936
49259
4861
71058
61707
25889
75671
5795
48172
39416
52811
68117
11436
14904
48534
69620
60277
13864
77224
15604
57585
73182
52039
48882
62294
25669
9272
78188
85398
25401
77936
89003
29466
68517
88241
25466
2551
27997
69378
33977
28311
96012
64953
20957
91882
77885
83178
27704
7412
29560
74713
98341
21574
77537
72065
39828
18281
21814
57119
14981
51906
20476
22044
53735
25062
19389
12856
62088
92124
49611
17825
3058
31866
15065
85832
90726
35508
42579
14194
37024
6918
65693
11937
53178
56479
62924
93659
98374
28595
38945
55061
76056
96165
13737
92292
37329
96762
89346
45078
93311
43510
85833
76296
55116
73498
4576
49533
12193
98337
15795
51130
13144
77945
83368
41217
46043
62093
36565
5920
56898
20357
43951
85128
8418
58094
87075
6960
54153
83094
24838
20826
71200
35111
26946
88711
69693
26832
52385
60398
19947
54681
32905
51152
96557
24356
37515
30022
1542
32635
86171
76702
29456
34515
90500
43017
36858
69281
5872
9612
30737
99968
38864
55689
26693
78135
83807
84707
33586
67135
7382
19406
49590
37743
11614
67873
30474
76437
56590
91120
19698
35974
80593
65750
86752
37200
54095
32393
85175
99708
76549
75229
11399
61363
30659
98478
4526
85334
11644
50653
76294
27267
25304
99607
15516
17198
12593
54326
23345
72755
59737
78883
71667
27594
80161
87799
84495
38082
29826
95044
79189
30632
54222
68519
80924
99885
52955
25195
49
98729
93417
13655
82915
85219
87537
20485
72426
77688
69976
60971
31573
96069
45675
40289
11759
84558
70703
18131
13705
21856
30682
75029
6462
1838
21989
69941
49276
45664
79091
3809
27825
45012
47946
97374
13264
73589
10606
2476
39603
21372
74700
27868
92222
51579
15762
40838
35074
75293
42822
15845
34545
32522
7406
53772
15237
41008
14953
27493
82815
51159
46601
9827
64801
51107
39809
78654
57130
33146
1502
13791
29648
43235
31977
662
98600
66619
53003
94887
74181
48724
8837
52746
72756
36139
14304
81748
86746
18174
51528
41546
92017
85278
48294
23049
98049
95466
2274
36590
34827
35139
1786
77689
18045
39093
59707
64770
68786
24444
15590
67696
45266
66662
64667
29677
89301
96703
3484
33793
33425
27874
56694
87745
98822
24077
67136
58806
79159
65696
10348
42285
33241
24462
26759
26424
89745
46546
4963
5741
13230
19017
49609
37137
75214
16029
39834
15355
51941
18476
61898
10925
52381
70943
9910
93640
75746
38890
75252
25060
42582
36413
20991
51346
81776
26060
5100
86394
34287
36666
87720
17695
56919
26051
8229
50351
33681
15084
23461
45215
41331
60198
34797
31794
92041
20184
42365
59846
58949
58942
69394
71166
70317
92970
45798
59250
41956
81319
89179
31633
28970
67551
80587
90660
42832
19030
39284
71685
95266
44722
87340
39214
52891
41094
42651
66136
26582
93380
53998
29485
22527
49109
37216
32482
24625
34988
33117
99367
40883
89930
24735
31318
37836
74707
13894
21518
52971
43794
24273
93437
25814
25702
43738
30729
63343
31971
67765
3551
51767
460
90133
7112
90269
20135
44366
422
60722
39306
68889
1496
37555
16485
4787
15778
31401
30009
36841
44150
69188
38978
69294
35055
30830
85235
58294
77842
49600
47788
4274
55061
37493
13796
35423
95535
66789
65307
98408
36379
10759
65562
76161
56955
68339
41759
33842
3553
81194
37759
38891
12726
85770
82798
87123
42008
94128
79084
94370
72904
81320
19911
74953
60503
73866
13172
53389
33452
77766
70997
84069
10447
69767
79665
55903
1137
79
31511
77711
26400
23501
49360
33576
77180
10244
77525
47987
39843
22757
27390
77167
88395
24756
31244
36826
59743
83500
9002
4971
30162
99405
79651
10786
29019
10965
48522
55015
30121
90501
8968
3843
73284
75643
91967
91046
16572
81594
15216
90651
19512
29951
81913
30997
91512
28092
29472
41233
95922
3353
49681
40981
19701
12244
79255
36914
86709
92880
61449
69344
70579
70059
468
87544
33615
15024
48452
31416
40238
20868
65607
76818
48881
40660
15728
10801
22783
45484
29026
84091
73203
71430
86471
36323
19845
23098
16101
35115
23886
36949
15009
27131
22037
68669
38492
70980
26717
8147
88682
20834
15071
57583
61382
29584
45370
44978
56257
4893
40618
14208
63966
54236
10782
387
15898
48622
77149
75132
57333
24122
25554
38501
67159
18332
26867
34282
47081
14702
71463
63776
51612
70133
82321
7310
11083
42998
639
97192
15431
1505
96501
20170
13522
26287
99388
42728
43150
10642
58847
14457
83808
30504
74848
45257
91325
87529
66812
19928
68269
60827
76408
6420
12467
52480
48397
38288
79742
43850
66814
65226
1586
72689
48195
8894
32263
64668
20516
67473
34411
42456
84413
49065
58553
62918
6991
23537
1322
4453
49331
33917
96319
15870
18152
27463
42970
94560
82438
32224
10026
10038
65556
82072
90141
48443
48831
88256
96240
52573
92401
30231
72410
54412
8341
18676
44849
93029
35415
75199
4166
64727
9539
97471
52953
79326
65823
60767
3003
8682
41022
50138
80352
85637
75713
33692
81453
96976
77122
53549
2888
67871
98942
41268
40452
53045
72902
4349
4854
18345
38249
11894
63231
58720
45507
35097
13917
77304
28228
68607
76348
35994
80747
95392
67046
82977
98463
6582
77500
82751
44198
49640
65485
63460
68144
95388
65202
29310
64929
72108
88776
93724
59793
43013
6526
49925
89649
11755
36967
83450
21039
61462
72716
51703
49227
58509
8907
41029
47421
28573
13159
44688
96774
80006
79463
66096
65408
9130
7002
84471
79270
52609
29114
23064
45189
75761
2300
22458
27619
92193
29156
69278
24170
5371
43058
87413
91151
13758
56678
67880
86275
23892
37867
89579
77222
42051
96381
28612
89243
15265
49741
88550
49363
24961
35904
97471
77813
7831
91178
43750
77075
8069
60418
50688
86461
39755
18144
42006
96369
33599
54790
39948
14042
25384
47596
35692
10436
29991
49057
63608
47944
40104
63048
83703
94488
76264
69843
83048
2457
25826
51042
31600
78870
53578
34795
88569
99462
4446
36024
35981
21609
84994
55687
34567
57066
12569
81028
37229
31762
56080
37152
6167
54886
70537
80856
25656
24220
50580
84275
15852
93848
21473
24705
6472
27595
22777
91971
74691
16050
51899
45759
19969
27974
90595
13397
95515
98031
70322
90223
21037
29110
99294
7493
35030
51013
15080
14750
17462
39528
67823
78766
13298
37479
50203
10553
93658
6571
52147
3306
20152
71943
65936
97778
44641
24008
7991
73228
45670
60048
63429
92518
99255
36358
6708
87854
48928
84679
88529
98789
43828
91021
53932
23055
41365
83324
52084
10118
1660
95395
7574
26652
26982
43337
6986
6137
62313
17993
36995
33314
19798
6083
59010
93780
72238
81422
31507
59150
78363
80872
14624
16532
74024
71171
4642
57283
70251
53588
13280
67384
39630
29131
16217
26631
75794
50757
51137
22690
7700
33835
68349
70000
42486
99344
50525
84019
1944
70964
66152
80503
35564
88672
46160
42969
41616
96717
61686
50634
81400
14254
87651
77845
8323
53804
44461
51218
17458
24051
87994
76477
97828
26352
36744
54541
79041
4436
60463
21451
35637
47598
28397
51095
61297
25928
4535
73573
18778
32061
67459
96331
4319
2778
32590
2359
56956
18855
43307
86288
51480
60145
92817
92568
91753
44207
58877
5287
44892
68271
9799
67544
4271
19398
42424
99943
49268
97438
55015
22377
13772
20550
86395
17321
50304
27828
20644
76136
73324
81890
97201
70908
86374
42489
65578
84462
37339
7556
74208
92148
19547
53963
87006
11009
69393
5393
26057
52017
89359
12273
96619
81987
22388
18183
92935
19649
36671
76808
57403
7567
82173
95756
61348
55057
44014
81351
78758
85334
56614
67418
33559
49390
26278
9737
43972
33703
3570
48891
96212
76394
96911
55689
49863
53592
18246
69387
93012
2709
60022
15533
95326
25803
53012
44487
1290
46211
19752
68752
71948
25282
33079
40565
53858
74015
7336
44568
16397
38961
80012
21846
38403
10034
29867
68478
5000
90554
876
52796
8176
81979
54809
71297
96519
9067
38629
41252
85155
39807
61111
88770
18148
26052
88598
91876
3837
17094
85125
70781
63112
93592
67852
84671
62783
33011
42280
9888
55836
86225
16287
62403
23969
14553
10095
8377
71299
46228
11254
7279
38176
50775
45582
43157
76857
91074
92678
91891
34079
78426
51054
18949
78925
8185
32849
21309
13029
78954
8692
26117
51973
79708
96080
16778
94387
65194
35372
3414
87914
3259
89956
76564
22503
83890
47193
56543
6081
51918
75417
98190
47285
63135
90956
45015
78858
95629
9499
61758
38128
49649
76632
985
4984
14260
93069
60338
62575
13559
95781
32888
41066
95259
31407
31812
79255
54689
89700
17404
51683
46040
26581
10933
72708
93783
90495
26501
81344
25898
84417
81324
54187
88823
54010
57627
31901
14286
35440
73518
70486
97545
32059
48921
36639
78632
95972
19012
62913
47527
8156
9907
77722
86926
3728
76983
70681
42959
83606
45285
39322
17854
34346
46236
25234
21208
83819
65313
62627
11397
69917
78966
80829
54904
81953
88990
27862
32214
80126
72183
77699
85694
24419
22179
95728
68234
41966
56775
86017
71636
80240
72342
55776
66896
38194
75141
99862
61891
7048
81853
78141
98819
50689
12760
19215
75362
86263
7659
88423
88093
32004
69148
77544
87974
56714
599
95879
69298
24236
51185
24742
81660
71199
69139
60884
45293
36838
73276
77830
11803
17209
59508
23773
70024
62133
11505
68036
70758
61826
90106
13272
35945
27502
36533
94001
12348
69116
35626
67434
12134
99553
26541
30059
38897
74391
80449
20731
18805
10358
42562
37519
61530
35042
92754
49666
77968
79553
81000
77871
17181
14025
93649
90167
28016
66543
18087
33622
70214
48780
10035
39890
23504
14618
48070
22994
82868
606
67166
65374
69523
10347
95084
99185
79611
93265
88411
26495
88471
9798
34323
63324
93264
49911
24578
9846
93122
15341
87868
6390
7527
63410
61704
82698
707
60875
98251
2870
80489
49769
42615
93718
65310
44260
42578
71568
55105
65495
35091
2212
85950
61348
49529
4349
42099
81719
79706
14975
61975
14128
47067
71100
75036
46110
42917
22725
54763
44860
61882
64682
40330
5821
18353
45509
19941
19076
26801
5963
89667
25695
12592
69019
60405
69301
17748
79482
99303
86600
67099
70464
2766
62755
88511
42767
30243
10442
56095
42297
39450
84569
93915
40287
31515
73601
13283
83539
4706
73084
89056
42735
69165
42497
17831
63259
10630
34744
36535
30054
56958
29343
92344
16125
25988
18427
42142
34010
68465
98085
88664
19944
73430
86938
96504
43118
35440
55220
80586
25991
30772
94466
52836
54516
16055
5647
98178
13669
76809
99320
74540
72330
90281
53658
85067
4315
90426
95883
61000
57864
17525
49613
65448
41205
54681
97711
30902
93030
27064
70713
65294
61168
68475
43320
37254
59758
54737
48912
64125
84556
18737
21763
82322
80133
28346
64659
29171
18909
63215
35129
19006
2924
30846
86060
48798
26937
94963
34298
12853
27035
56763
32324
34594
50679
85355
65030
22477
95813
5050
40929
68906
62452
25847
53652
8645
34535
25307
82824
24627
86059
67755
20783
65733
28172
92295
92212
41356
5396
44046
10022
2296
26510
80661
92010
96851
27981
57474
24249
130
85795
73358
80351
27951
21758
24405
8740
22745
56370
21256
82624
49063
53347
44105
42263
34100
88595
58681
60276
55206
98140
58881
3499
63221
77051
17685
98956
68868
95581
61547
39733
29476
47628
38035
65424
80370
99825
8637
26852
78350
82441
10644
4522
16648
45366
16477
69871
45750
64790
13222
67599
54705
73177
89241
57876
5200
22867
84047
98869
91154
74584
8661
38247
84247
34420
79869
72742
11361
38346
29929
17235
25741
5187
12165
62352
52021
58755
45413
65213
49149
48934
66244
9200
59618
50570
64500
47101
50956
79118
12379
55752
15314
38080
98388
70916
72501
41244
87072
38086
93174
75683
86973
62139
57234
30556
76816
32748
85733
41017
48251
3672
63086
17096
54092
52142
20308
70722
59539
582
20547
81672
71174
58471
32940
84861
20905
8653
32485
70111
43562
54348
85752
24563
84786
70183
34382
48586
19478
7611
94911
31586
70602
56346
51138
84135
62499
42064
99617
90547
22170
77638
65752
8361
8166
78651
19624
51620
82691
39966
95789
29161
67085
15862
75703
40545
40691
95886
52193
28723
84580
63577
1219
50035
7903
50833
98528
89065
7141
91079
17783
176
86346
57320
79967
51834
68693
32081
38543
11624
33546
23367
78092
66360
6350
80731
64414
55405
67019
33217
79413
70605
99990
32785
7070
99876
47108
65170
60367
14659
5233
89194
5330
26399
31524
818
97791
10978
32639
64283
20478
5706
23730
36529
80694
17437
34108
56511
82023
56434
95950
17395
64809
23502
29716
76893
71498
62759
72614
22181
93440
25851
69111
82583
52417
5154
78473
52417
8260
26307
12501
30851
72784
24957
13367
5184
64133
68077
45789
28967
58178
86357
5755
27971
75136
83602
71720
84428
42141
2454
86384
37946
61919
35045
40375
23666
20590
36077
55299
38673
80921
81382
40743
77252
45213
87826
78663
17553
90916
69017
9090
83340
93673
99470
45356
27984
66478
10788
71844
59820
53331
48550
70744
38699
15069
50055
1783
15215
90899
28505
47941
88132
118
44757
39408
49444
99489
69023
2285
63092
35155
66078
54659
62822
85783
91000
92007
81013
49895
24505
36347
65754
74366
91131
83529
31257
52259
11605
89071
52246
30609
34088
83935
89605
38688
97461
69842
24990
22102
26868
53249
62920
68838
4442
24556
70224
14776
38433
44431
10714
6714
93852
44249
89205
78825
35570
73254
98379
51972
22546
14381
82912
36579
29387
88951
50675
44671
96159
66278
42162
67942
56751
63320
27265
92314
13552
86694
12999
2313
64448
77115
39270
80448
83946
60544
98569
91602
16352
80521
28865
41185
81728
86815
96899
17237
8483
28378
12264
86618
3685
16642
70127
35278
66086
11805
20471
30027
84842
93051
47978
53629
11095
58550
66112
5314
40643
19867
35074
66824
98149
62700
50012
48432
3256
3594
48994
78311
13157
30968
33795
8411
64674
37890
71681
65795
10551
26250
74279
48512
3457
92023
60634
25459
18119
32048
9759
41650
20164
44365
34321
15582
23007
13479
16875
31204
56302
99173
75208
79080
99477
56575
25771
94813
42110
37493
15567
3512
53116
33553
79282
29616
71434
77706
37087
62082
50430
46532
33008
42428
99545
55637
11282
69285
8543
81740
25184
23513
82661
11656
76290
82607
3818
75142
92819
25139
93865
62114
74205
58850
89095
66030
26491
91263
12717
91013
63623
97630
21809
4344
63636
48376
6645
7935
63029
15106
82814
99881
17228
44125
99147
30047
33250
40083
92424
88223
56300
95450
12997
40632
82087
84667
69223
71296
6419
9068
47295
86974
4090
23689
52646
73553
68150
11662
22648
49649
25107
81040
7346
53574
29002
57994
76402
47422
15512
24753
59840
24117
6879
34687
8587
9247
40214
83011
95867
32895
83591
40243
33141
61509
29636
86050
83217
15658
45513
65992
1879
55906
14141
71613
7308
94476
29842
63175
2178
11329
98788
34356
96068
92116
54703
64176
61250
44905
64738
61307
25550
60048
57204
76710
11862
42150
61871
67773
37628
29060
3386
41924
36293
62741
20040
3324
11564
52485
28670
49076
27861
36844
52594
27933
36751
14828
9198
18462
88003
88399
75706
75192
66822
71961
1941
51396
57030
44452
46700
91789
21875
21936
82173
8333
54837
9449
41817
10927
34469
12685
9641
18769
41158
20191
86527
31630
12716
84646
3148
59880
64630
21517
94724
29384
84011
54405
25633
27304
33618
43572
58916
68399
22077
53081
44632
72560
22279
65644
43492
38585
3335
96157
78073
92480
15448
4834
4171
55259
56746
24065
9770
47125
42503
97482
94640
52764
97309
9801
16816
52370
78196
58452
85189
71013
48909
3215
88988
57734
4149
89533
14036
13449
73602
60299
73745
73000
33082
84059
7747
79971
38820
96712
85878
60226
28932
97242
90732
73008
67353
29145
94567
76098
49860
81766
61790
49999
41770
36957
7455
85871
12729
98618
69561
42690
14667
66764
81820
29048
29860
69628
55166
78412
36648
34966
41809
38438
11108
692
49031
72175
87209
66298
5500
71878
24768
63545
91041
20335
69606
17287
4006
79327
44545
3751
75051
25258
26050
95371
10634
59013
95348
91336
40283
8612
43541
53538
3395
73569
26760
12620
56396
58456
70123
41621
96979
36259
4013
14409
73271
31696
110
53168
68064
32127
58829
29854
98746
74754
1122
90961
42334
94503
56659
38015
30420
23234
47615
29473
80178
37552
94703
88660
30065
67682
15578
91141
37703
74426
5211
30115
5993
83158
52589
14092
65143
50226
21579
57162
62772
38855
27614
87957
94337
75583
41728
12793
25768
