41453
82746
23009
84199
37502
33273
35764
30856
91530
3006
99097
96232
90376
13789
8180
20960
72382
32500
2398
65519
26090
96234
87186
44207
89293
24058
71899
38607
17108
75370
83499
9933
18733
40106
87370
68715
51376
18754
45493
2737
85370
63686
53069
30443
96402
2032
87487
65020
81354
38514
2000
801
5474
6447
12252
75662
41050
20838
73483
24002
96107
67621
41800
54931
44723
24457
26675
43853
71161
17328
7039
68368
17501
48718
11475
70439
35785
77834
12002
31248
59609
69963
14459
24268
26425
6566
39621
4119
72663
12296
30536
52474
67486
95164
82572
51898
6527
17170
8481
41656
82214
94520
61681
36396
83529
18867
76442
81373
41801
68966
96719
34177
32253
40342
21625
19176
88733
59399
8539
4429
65123
23974
63025
84084
19764
50711
86212
74597
13971
91039
16405
9328
6493
65213
3132
34069
34661
48542
2260
5651
84231
91386
90150
6569
51188
49809
14052
20004
13000
79517
62249
5714
92888
6307
4815
82084
9594
47876
45846
39577
89437
14652
73751
63028
90257
85283
19679
93476
26956
68744
22243
97876
30797
97135
72578
67398
56525
41943
60108
67020
74222
8058
5909
11271
27194
58908
40594
38162
65381
18260
30796
97939
94536
94249
79978
22252
46117
17089
19569
23346
76456
29975
96719
70476
60731
7158
97300
87094
23712
82118
66136
42536
49821
65956
16983
57746
59425
72964
65480
25445
86615
13563
30534
30796
16488
54753
7780
72972
75770
63923
55906
32038
11461
18761
86480
95767
6685
63498
42339
48330
94734
60064
59027
93662
34718
9148
50041
18310
15121
31587
44800
57568
34901
78793
28600
14251
43167
83325
99397
54541
97735
43951
68621
36068
99188
90112
29205
97619
63435
6859
22917
46058
63711
6492
71931
3447
99730
21940
21947
26170
39276
1191
96321
85601
11316
61030
60289
89699
62625
43070
53258
65805
6478
87512
43917
64176
13967
44405
16657
42060
71550
65766
93923
94820
75202
89724
85311
11021
83978
58149
55082
32658
7365
19783
13204
67643
9445
22156
96928
98233
79106
75303
24988
67936
59515
51269
17217
68260
17639
56259
12774
83044
32891
45039
79151
46939
32711
568
75345
2585
38025
10220
75248
41639
76867
81200
68049
97200
68777
12049
88033
32495
63800
67191
90186
54730
66765
64834
98375
33800
51654
5457
28542
66400
50365
66282
33638
57766
56016
11062
90426
52988
14132
67345
94528
58870
50947
16757
70218
17430
62494
96735
71738
59718
21502
11638
89135
52981
39577
69046
72283
61947
99198
78547
6805
89046
75455
56073
52388
87566
12355
86909
23733
35637
67085
48057
85114
71973
99493
1089
84988
48897
63901
66116
78608
12437
79414
38981
10128
19954
60210
95645
22478
63028
90347
7913
18836
9430
70937
56399
66751
22959
12905
35794
70451
62612
99096
64465
56112
10440
75909
72018
71266
33790
9693
5859
21149
49448
84963
37804
70504
38461
46375
50456
60865
46056
66255
83157
28071
55521
78476
58324
95033
2983
59853
66780
93323
53856
31635
17540
27405
10514
17838
73817
45514
977
86948
26250
63920
89879
75367
69884
63893
53162
9822
48262
79924
51797
65762
77857
76848
84142
76485
20053
84606
66147
75010
73490
95090
58370
85785
65639
67678
57519
57254
22061
54178
77696
35623
63521
54215
3684
2928
63380
79322
20579
19441
27745
65379
29659
86902
13151
42893
89057
96106
43164
90272
3466
62334
5397
73313
91892
74319
32322
44534
95457
18671
24552
94481
6593
92162
96464
72313
28163
32322
70480
54140
97539
32483
90285
66135
91109
82621
10907
89027
53520
62605
65881
64495
89215
71858
14689
47608
94829
25207
69237
15756
1075
31561
77197
44443
24694
31988
48834
43432
16127
10445
49119
76465
20622
15944
82639
8395
5942
14082
61468
43509
25573
51393
56758
54972
50373
34431
55867
98649
55494
72728
48888
56095
40805
51439
83458
80583
83330
30380
58107
5479
16037
79225
56487
39795
47073
45997
70481
15835
96234
45512
10204
32648
8868
80277
75559
56780
64721
21388
1575
89459
61435
87262
98737
96773
31226
96066
36563
77473
6221
12271
73234
67104
50942
42201
13892
636
10436
28225
43934
29105
76108
64049
49672
46349
29712
72088
45895
5090
4293
9389
47198
78198
10644
25009
59347
37331
77478
34483
20707
66801
17015
39221
61810
13749
42075
79428
95942
66332
64843
74564
41854
19469
51417
89017
95942
89256
65076
45412
74646
9773
17570
74881
59950
36767
63832
50132
85575
20990
21787
90169
24309
86832
74199
75301
26227
12031
64736
24944
94492
12492
9425
97419
21139
44011
69581
89369
75462
68035
60800
9038
83461
54562
2473
71805
77984
65758
29661
83897
57045
29264
6780
30898
1616
91295
94964
64582
11193
20631
97256
9066
50234
71143
65335
38149
67950
34309
90122
4226
87665
75466
94363
92011
28117
10408
30609
34505
56593
8386
36362
75735
35413
83537
21793
40360
46293
5250
53042
95951
91908
82190
34161
38674
80828
88564
50752
86843
35046
74317
52102
42833
60425
86180
22481
88587
90154
77564
24211
13576
55799
51384
19247
34794
42811
79507
35174
44994
91626
42510
8998
10930
36533
87751
63612
49367
70380
24631
95728
42235
62837
31444
55869
10492
9526
93844
91213
37530
24500
21132
45885
38611
68679
86887
79795
97693
71106
21517
27708
93710
22989
9640
29765
86831
70001
8921
83329
91829
31367
64422
25906
15515
16970
17502
5481
99410
35320
38290
73351
62562
51929
48935
95407
25389
39476
60384
44128
22904
15241
35431
68384
48903
82767
13561
73974
55118
57977
84939
69440
84809
93835
38171
49358
46256
24687
39010
89593
27797
33954
18448
15028
76870
33414
25960
41877
31286
73768
94980
91910
71375
33231
5977
14208
95736
50259
32499
26707
40764
26156
8464
3145
888
20734
15564
82970
27664
78918
84633
91123
67961
65110
26362
87290
38519
56335
21286
36995
3606
67276
16463
30281
8120
50699
372
2318
35612
17576
83878
78845
36118
58228
53821
56605
69392
25559
96605
45265
85652
6585
27888
6405
11916
93366
39708
42315
46752
1708
32506
34708
95225
65876
76086
56563
86273
91920
55217
61571
93442
24799
33508
53688
80502
98759
91785
38814
94117
1796
9327
53582
78094
68055
86097
89332
95313
49899
97142
86727
39177
36950
34360
45123
96058
90442
97355
98735
58901
54979
70757
35292
39937
52903
32457
71792
42248
36081
56476
93089
52574
9786
81867
21161
96999
48843
62753
60292
29820
79814
24411
73741
11021
56189
61358
21844
56088
28289
36427
52399
70292
94232
24179
18118
11085
86732
66979
20574
70504
81251
94127
42724
14279
830
85026
11399
24454
22259
70093
88751
68169
69765
13747
834
72349
4717
49025
96541
56589
53705
61126
37370
38540
41037
11648
77797
75313
82950
79215
3621
68863
2491
67609
65117
22385
67811
40038
84292
29202
90652
63855
87734
30875
84227
53314
23183
18118
71702
84427
38424
75988
92308
13908
2789
66008
8826
23614
75253
40917
77357
6548
85043
45567
11179
92539
54990
83466
33489
35878
65531
76532
68057
79093
30435
20476
27207
26275
91273
72440
53391
74788
76834
19330
14043
80973
85228
80621
5338
69422
89709
91753
93512
16206
92008
50878
17527
56448
30960
59015
20121
84117
20314
94845
28397
74423
62159
72483
25583
28886
12417
99882
1920
4477
64909
22213
14808
97938
84345
43180
49782
98594
65240
21383
22453
60505
29465
9549
24873
80045
80545
74544
60416
28739
44268
98900
71254
39805
75329
67959
68947
14896
43876
16580
58939
4196
82614
82517
44371
54652
82404
2771
4609
95709
67242
67366
73405
27734
53334
86974
79096
80436
51101
16799
81737
21782
89099
4672
27350
5026
91196
56018
3315
22599
27238
44985
71283
68028
12722
48453
26523
5373
99950
40617
79449
87608
59177
32301
40140
87703
38531
25498
4715
80612
35101
46238
22562
67394
97228
60685
19678
43275
47765
95019
47607
20484
3196
88306
47247
81134
77134
66926
1765
14358
75482
71983
89658
2813
2536
97367
57333
53381
51914
84968
48365
2053
43770
80325
56655
4396
558
65153
64927
34468
39018
3377
73216
75590
17456
24628
95712
76842
18886
96001
38030
27129
5050
95189
13537
91550
13454
71172
27373
10595
29287
59702
31894
39636
81473
8213
41783
52479
48952
34869
69227
99181
70682
78411
4045
28182
10921
92704
34680
13003
34907
53417
38081
38127
6326
89201
35043
48991
30836
96133
66109
87312
49864
66172
10697
60497
71643
49383
46979
75482
90244
2808
78680
5067
3822
96019
65410
26004
43820
38272
20796
29623
81408
52586
4252
21485
65570
10589
7564
10094
20786
75396
49538
46636
27262
32818
45805
6127
94989
26927
11957
35699
34680
31344
18058
12104
5114
41177
47247
64870
35913
94112
98332
70623
59617
72201
69807
27553
91512
61045
37254
39114
95452
35864
90808
34934
2848
10224
85744
63238
91993
13113
4333
74963
27112
93817
36186
89897
45680
95272
99235
26893
26168
89609
82701
52071
53125
45771
91793
96080
35694
39671
30146
53208
80258
64739
18747
90527
98702
25584
51362
47160
81302
11549
54731
57240
34974
83811
25887
92392
27725
13695
82179
8006
79767
33580
91449
38828
77110
39714
76526
15865
91167
7009
90115
45088
77149
61228
83222
34014
15149
39335
78332
36776
54704
84013
41809
51890
29270
30015
82805
85130
13827
16100
29722
74603
54283
50560
36465
34406
20936
26094
38541
84408
20590
85754
90495
87769
42586
2533
55008
30985
2054
19845
11229
90379
29055
57654
1610
12566
43175
38374
75991
8637
80301
23079
39614
36773
2911
11022
42710
55872
12154
55564
25290
46300
80852
16494
66485
30288
50756
30773
77591
87190
2666
45639
54260
25117
14981
8531
68414
84933
39769
66239
95126
57047
60378
73162
61991
18250
5065
61968
19091
22851
17945
84146
70446
84768
83909
87232
27928
93482
98163
50841
67141
10483
15755
28195
96874
62924
4530
71914
41039
90845
6658
2210
62309
38605
84892
70919
5404
8890
96039
8093
99227
47305
33808
80814
53878
96932
34744
97805
99402
75824
42216
94409
70507
47760
37999
56025
4857
27357
64451
23749
77502
7812
91096
15866
16842
48138
44657
16667
57752
35398
80273
98685
21682
97706
11213
68995
31603
76490
37245
60822
44795
15776
99940
11211
18276
51697
78581
87713
7385
92960
73236
57304
89797
2307
2896
17341
30766
38077
85610
2579
39963
35971
94225
36326
83752
99435
22997
66650
35911
67321
99359
64202
35037
17964
19718
60498
93368
73359
50099
84353
42742
5041
35610
71493
52604
87317
78259
58295
16307
93774
73704
739
25301
49978
94525
87548
66846
401
62516
30722
15011
73258
40898
54210
42425
10926
95167
85404
49200
75634
96
34471
39712
32599
72810
92832
13968
81674
29157
25093
60940
33974
96101
28406
1761
25371
47600
58638
90046
37344
4492
74748
90325
56828
16956
54991
10146
20444
63038
87421
5793
72359
31424
4440
82632
41268
80970
87504
21909
30171
44132
62
38301
47167
86636
44518
50264
41488
53503
46299
28058
20078
6814
43693
34536
18777
37760
43739
84857
28171
21910
50806
4484
44065
53662
96472
23346
31280
36907
22463
370
85515
46857
19028
16765
13152
3574
66708
94039
41101
68879
78548
30839
50109
67336
67657
19965
4328
83415
44227
70817
13106
53468
66078
59852
56419
94928
50094
65005
91400
74776
4003
5013
18313
73477
51534
99501
76713
17148
97194
74832
58764
94695
78893
59529
65131
9490
55378
37393
66418
84961
86101
52695
26681
55411
61026
94706
56560
14356
39598
93441
83358
6534
62979
7328
83188
34751
66410
2663
83956
85011
78352
52798
79252
6466
49715
59971
99501
43278
21104
89454
11889
38455
9524
74409
29461
765
51833
71604
97161
9942
22948
46619
70705
28844
5519
13488
96318
70730
81891
78131
37382
43862
48401
28940
62624
1576
89856
26706
80015
60202
2955
74434
68332
86757
65103
26363
18637
32192
94231
10772
18598
17951
71653
17422
15792
23805
73348
92330
72958
70797
16168
65480
60184
58259
80693
38232
60899
60795
90775
52878
35003
55670
89230
10665
70595
60979
41343
99082
82470
97972
91404
33790
14711
91359
84636
37076
53858
81505
27945
44758
89698
35378
72607
68057
10984
78986
67272
84986
17677
17698
72732
67788
54241
64788
97953
46999
38471
72511
22625
67067
29565
84196
25639
82940
62679
52567
93573
76571
67873
46582
67070
65683
9546
9646
5409
24974
32167
54933
53719
48160
36201
87232
48987
61170
35552
60006
35496
3379
46654
11416
26882
31985
85449
78642
15613
78185
98610
33158
58378
52445
94059
70058
25968
16543
79291
21445
14444
20372
16606
47830
88911
87598
44872
8913
90183
25627
80327
32822
28828
37520
46485
73253
26920
26767
570
11857
52676
93841
80693
95946
17358
30372
51737
7010
49283
38531
80684
91636
64989
50731
396
89974
32633
83229
72292
12161
44699
23839
76435
11784
79228
59568
83828
65015
17460
95530
85128
47235
42916
64112
71088
63539
7312
40964
56657
83937
18722
48058
71369
67062
2792
24017
19138
15931
83964
70329
89698
61515
57329
48349
39933
97907
14049
10035
19042
10444
16807
96777
35762
35545
57057
63192
76275
81822
25835
11756
20900
59504
78212
12982
817
1330
75886
52579
89091
86090
35431
86698
67409
42505
31028
26898
99257
89776
27067
98227
63171
46863
78204
64431
20722
52329
16698
72383
86467
61469
59621
23034
53388
78639
51493
64517
33724
77465
15545
26934
64386
42378
10825
48466
54834
80506
25428
6307
13858
24792
54181
99265
21882
27565
40395
35101
38595
98350
11018
64994
23104
28031
19419
99197
33762
69635
15767
7024
82886
52988
6718
94118
21798
91303
6347
68411
23013
58679
23671
45569
41961
84078
95771
39286
21962
91200
36060
99174
51613
69653
53938
64823
25298
72259
27670
38140
32543
28590
70267
54669
18393
28825
92018
32817
73591
47863
7889
97755
92843
68829
81078
11508
28073
37832
18920
12870
67779
54351
67016
46147
48919
81648
2167
60932
50799
24428
22304
56383
23254
40384
49976
67122
94696
21768
67532
77206
58197
90280
26375
63346
33688
64770
50622
90880
64557
284
98191
85964
16626
9113
73231
81267
5302
4028
40410
30847
82470
12063
82200
54257
70485
47953
13637
41223
98333
70094
52719
92531
20365
14154
32044
92927
22824
30545
22948
35835
82846
37692
70882
68262
13616
75471
16484
81386
53602
83512
54355
20017
10353
34383
92073
80038
38342
64968
90752
28396
69123
9162
3756
95574
57535
39306
45957
73858
68035
53885
9488
46242
37923
9777
88313
30168
59423
99746
21077
90761
15182
82937
5646
15674
37559
51548
37324
73575
41824
44861
28578
23608
5378
5054
11937
5588
67366
87206
77630
84830
34891
76812
2367
66420
87675
94624
21533
56565
71422
63881
39415
55987
24954
94476
74974
17401
59318
98494
34430
73778
7791
73328
88174
90689
90985
96485
45525
9403
25106
87273
60851
38322
47536
54092
32264
85517
36016
59602
28421
99894
3114
55872
63345
29016
33478
33283
52830
70788
20371
47429
96628
69511
77893
85088
70363
17278
29203
28735
4662
92334
21854
51314
2796
55388
73118
26131
99185
25988
28642
1059
98383
1210
86652
23932
46482
52338
78830
78171
4093
43474
13896
92264
83422
95416
65194
70863
23294
57122
64905
99824
6462
79780
24939
88839
6761
38972
81983
81271
46015
9282
63168
52042
49404
83759
4269
75194
25983
9140
306
64587
51308
81449
47193
96599
55556
16335
85276
59056
82961
36148
58783
37961
71751
48788
35573
21985
39365
51763
10441
53285
42261
2971
63378
93435
31852
57454
88933
95065
89604
45201
45271
73880
92336
97569
24536
9099
58465
14709
88205
42686
45167
35656
63000
11070
33690
51719
59215
17950
17553
40074
2086
50751
29366
42597
2795
832
5333
33960
81198
60177
82553
72074
20146
70513
11622
27896
43943
50606
97358
48169
84586
4781
43139
85498
94674
33552
23785
70916
55128
98953
48741
54092
97269
9238
94350
99307
32009
66625
85787
19770
54643
15735
48079
22755
75335
49082
55536
19664
32643
69369
10254
30659
33146
54340
81851
77717
80361
44081
85759
98977
73121
8994
70525
68183
10947
73523
82793
92862
5863
17103
11235
7136
29795
84903
17614
69173
6579
87163
80735
8541
41275
42228
25365
46686
17980
16126
73622
99522
55129
98561
55237
53841
54109
43384
88235
12995
49217
15736
80970
25748
36096
10113
13937
46439
41183
98900
86696
78669
45281
86617
53706
47045
449
92408
10759
81942
82270
13351
77740
52738
95256
75837
2163
359
56683
21397
89347
31495
88181
37581
50587
13098
98041
85217
89089
85675
21838
15584
8096
97723
53922
78904
1390
11170
27216
30029
33597
86999
95425
31523
9040
34118
21537
68687
63937
52407
27666
43793
87407
93837
91878
75270
11933
64046
53975
28557
19344
61659
43192
26682
38788
14970
5447
12352
94176
82449
27540
76133
79274
2017
93769
35144
84004
83238
47296
17209
63889
35275
74117
17663
4339
42044
23043
28246
19516
30786
90924
36705
64427
97693
8141
15036
48647
80385
77474
82603
73534
19379
44012
30443
56709
29264
76123
33621
69050
25735
54909
65887
81859
62232
63228
80702
97277
87314
63067
35248
29676
48999
480
53526
98477
66865
12555
49006
10001
3432
13893
82843
36967
25412
57243
64764
93676
58784
15836
76378
7229
29323
15857
25492
98527
90587
45366
29151
28874
98210
68767
67837
49737
54100
1465
43353
35208
29665
11498
34552
30015
16307
79259
98759
61740
2631
889
33614
44529
75813
55990
33109
80282
25616
85614
88209
70552
75991
82905
91730
27172
1029
82802
36023
87824
51055
39966
29692
57103
22474
50160
69123
22241
93357
61018
18344
27953
73077
63436
87821
81863
61027
1660
49020
75642
47652
41327
37697
60945
92623
97045
69267
1455
51705
3816
57940
59037
23567
61809
60719
61812
20778
85720
68067
24709
67020
112
83352
90078
2541
55143
43488
44736
45945
40708
63066
72242
94329
68157
92442
41487
94461
76357
40562
22961
8268
3170
16801
75262
72666
32447
26914
60913
2882
23139
68213
69480
643
78655
42397
43827
11822
91138
7059
98381
97218
51136
5459
69495
47110
70242
59873
13419
38988
48503
11211
28793
4777
31126
80890
71620
41239
44566
69103
48798
64117
63972
61267
3546
85662
94634
94891
41432
67074
19364
28358
49216
99841
49374
23275
13479
50313
59594
22595
71785
58713
96234
84872
79990
76563
42042
28338
84273
33240
3976
4439
7241
71361
60059
21527
80497
45885
63717
54746
15544
56481
85608
29764
20165
63022
62112
15741
51211
1169
50703
1873
11395
75312
61156
16803
13621
2922
8051
55898
22789
96174
19034
24339
48709
97694
64739
27103
65779
26848
55400
22478
71839
28399
35010
17397
49193
50429
10779
64466
77800
50547
5413
94953
93069
2765
68488
42691
69974
93471
77900
62726
75868
73433
61730
73591
89789
76272
84383
42000
59885
1521
72914
78889
88459
62194
16813
16731
12166
50812
21670
3570
29152
25725
92173
59822
65230
31876
69011
2526
30068
25436
77476
23167
98040
50129
44563
4471
1753
1299
76999
89308
47606
44221
76699
33278
72525
93315
1669
26978
64657
92616
10920
9441
48472
17048
94478
54879
34534
39315
51637
88480
38960
22572
13534
72378
17452
1764
99502
49047
86536
58981
785
50357
7742
54903
78948
8484
87702
48694
41015
82831
3381
18485
58874
36466
18291
32599
23568
88773
58999
1879
95926
70941
49280
24299
25913
58097
76259
49290
26871
32340
49244
28341
83417
29913
3572
21508
46160
62905
83106
64052
37150
41808
44643
61103
50305
48777
11363
68271
54037
76940
53257
88903
4889
48932
39923
45423
14138
99557
29045
51761
14041
65208
89206
37839
26208
99070
16104
71914
44953
70040
85397
69783
69661
92959
14915
78225
24902
68517
27959
7032
14134
29839
43090
34487
2265
8873
79361
31395
40956
56194
91585
30025
78642
47140
55124
16582
34359
35004
32784
27385
98116
88685
80683
87177
52455
35075
26439
91080
27255
46509
77521
28808
3224
91518
56963
46277
6958
15894
10107
28043
40107
39215
52321
81942
61219
24322
65332
26686
91122
18606
2252
81880
23409
12232
95810
1586
72110
85697
91623
75504
28295
22447
39342
1713
21168
24858
7177
82000
65164
75172
6659
82989
82777
83875
4030
65230
92283
9051
61396
44472
10267
20928
71392
843
99645
63084
83380
96044
6245
10110
283
57951
30239
97423
42112
90011
12191
89162
86472
92963
37707
18209
49762
12534
68243
18016
7912
66750
27111
29530
93197
25467
29304
19434
76912
6708
61329
92907
51255
96966
58582
53383
1374
86350
61776
94787
93184
59080
14315
74629
20817
85747
13332
8186
96146
42116
65734
18059
26394
11625
78894
6029
38196
61247
30133
51400
42458
64553
8444
40003
94675
9817
30961
7599
70421
12165
32156
9230
61020
33453
28221
1150
53689
28529
17061
7083
61970
83628
95658
16919
73937
45561
63889
33820
4622
6564
59033
74765
20469
3114
45106
41765
27579
35235
10676
49097
39309
36645
58210
41982
23713
71756
5179
56971
82429
10736
88862
306
20743
15720
32330
82164
63077
69351
30442
53894
37173
15198
53055
37567
92047
46076
7607
73682
71922
36926
85145
77566
91481
9096
66840
63462
49254
39624
18060
45356
59538
40953
97478
47639
19276
86361
98760
12468
32796
41823
18931
82100
47124
38305
18963
74976
19040
46540
22804
88686
77504
95518
80906
18370
23082
99173
12157
40290
2580
80763
78484
96705
60775
89726
66904
17559
42062
56869
47532
63841
47174
31829
35332
36840
73226
53161
80527
33863
41251
73618
37669
28693
52658
55979
97286
54623
31633
96560
16659
9811
57690
55099
56309
89172
33585
78465
15900
8074
31198
16797
76555
57769
13056
87796
58509
57460
87251
79015
43002
9040
25810
66662
53448
78424
14914
90877
81059
25389
47020
32476
22263
29347
40053
52863
44921
92072
98283
63019
59278
14247
58247
62043
23493
70856
47742
6477
56676
76601
57710
87257
66603
62071
42334
64248
87716
60133
86159
70409
38789
96242
6534
544
87623
83598
51963
55230
90019
84220
98858
94963
84690
14774
71588
72395
36356
7967
50041
42533
76095
98763
4959
83251
90031
19610
93372
93394
36385
9719
85021
26557
95275
10247
27112
15768
31432
3044
30597
92038
73717
8233
52413
20188
23523
50554
72453
51980
29992
83193
92837
51006
98804
90380
94207
49504
53650
74977
97716
26889
35486
77282
41378
88223
62916
28789
5243
68867
38930
36896
34654
79140
35531
57258
73491
85014
56772
28350
65480
34697
38973
97114
66198
94994
95432
96597
69077
38278
77546
64383
254
65500
30524
60644
91899
40075
79545
66793
47768
74406
76474
3266
22208
63223
29626
77155
96617
45885
70264
57648
28060
61487
44053
63775
13926
36987
99606
39406
55515
8832
31372
63548
34524
46013
46676
93138
31697
33399
32231
79593
91778
60376
75825
65236
83426
75062
55563
77025
37112
71178
23035
98035
16335
40684
98941
8716
90707
88131
67927
64669
91240
78946
4045
70850
65893
59296
12399
61700
18067
35787
21066
18558
40213
80591
58965
84099
21633
28216
74582
52696
14039
95483
93475
86950
82426
34959
41342
44842
70972
21284
61275
9724
59648
57006
37240
35935
71616
73465
97320
54692
14092
48001
31375
61347
6157
98838
2497
29003
7295
13945
88875
44110
15449
37838
98966
76463
41845
31649
36020
36922
11917
22872
72296
69131
78699
42232
2505
23351
55097
28032
23373
42777
84098
62292
70961
31256
94806
18700
2195
46476
99226
68915
27950
1271
56797
83501
10172
33557
50500
51015
5636
6638
6370
13985
51429
36346
87934
59004
72563
58981
63286
93613
20085
51597
14142
77005
86293
54942
36343
21080
36315
27591
71001
16683
38711
751
50461
9442
52838
97564
82427
26606
99229
75537
89681
92033
96141
54582
30700
15137
18348
83979
78535
13370
32140
84308
15912
12202
57183
88541
84646
71802
6792
74912
9193
77582
56604
20413
93714
33380
40202
2724
37642
53495
87124
38330
38212
24711
13892
51957
11075
29440
82618
22732
71117
84913
80288
63205
53021
70649
93179
24417
13044
13847
36509
3187
15998
18644
48792
39014
63172
74776
48593
35920
14889
49987
46635
85749
41187
67207
31523
1344
3681
98984
54865
30965
70706
74037
86247
11001
58979
38696
53714
24783
79615
99729
1495
84149
18172
18083
99254
87735
88627
50453
46657
82448
31591
86891
95454
48272
26006
58477
16746
41513
73073
89804
28198
34628
60948
65345
14696
92487
18040
85901
94643
95182
37536
13082
16028
34999
82279
44656
87770
42984
27871
76560
57041
94761
35259
20362
2379
37965
34311
59392
46539
39385
3201
37089
7778
77259
71825
27326
81263
45163
50355
51948
65514
19818
93214
11639
79481
50798
34375
13987
93571
38481
3551
4621
63677
40621
54884
48281
2853
29735
78746
13619
79557
12727
26425
39171
35278
64827
79236
72578
6450
5509
89618
75142
95738
31682
89028
92719
36277
59983
4890
31727
91675
59013
1217
74968
58560
24346
67572
67030
77247
57762
59304
62870
19624
34143
53730
38159
82954
96305
21266
50717
10646
60328
63847
20885
20050
37012
41620
19563
2623
64234
61647
49190
46947
9750
67017
44788
34427
36338
45802
54223
75188
89349
26484
87072
83361
19138
38030
71719
19812
31822
9584
77724
78128
71827
50187
74950
23585
84759
3471
30526
24566
56750
10069
4728
82959
51754
8681
74768
51934
69186
21099
59285
89726
24818
77499
74609
43113
23928
62630
96965
27263
46641
47746
83114
75806
67281
30655
15106
15024
71326
46402
86732
53560
37989
4068
71768
82647
10245
6572
99448
32352
83559
99132
35883
52409
74904
81433
79835
27513
10396
97834
93792
81259
78311
70310
63084
95683
77800
52499
58184
54736
33386
56108
51981
58080
94825
86298
26518
90380
70458
59954
27079
96412
9196
62393
57255
40171
103
51634
94389
69950
15736
44220
68738
91083
8243
28271
64216
80298
70848
67981
65437
83536
51064
18515
625
45724
92794
24437
87947
62455
12329
61153
64988
12723
32084
84273
3449
37573
79566
12392
76407
13029
97364
2393
45941
69302
99456
19955
12048
68756
92678
3277
26838
2853
40229
48092
30188
83794
11434
62459
14788
68243
61918
39441
60506
49704
80854
89910
27115
4791
5926
57457
70908
28116
33972
53339
48686
5879
61949
53370
49685
16450
22677
15969
56060
71385
63553
71192
1803
89045
69660
33053
52330
84929
98319
31973
61414
58668
25368
98369
55005
45213
4511
70412
35201
60346
21661
42843
32064
85628
23344
53347
76471
30050
47527
25307
1440
15123
92501
42513
61771
75390
4615
35214
96774
63217
56934
30221
49329
38186
16248
39677
17926
98310
37948
39861
71056
9756
53883
4048
9871
49348
83337
23661
23857
97467
74117
67447
95470
67756
96675
48510
31048
13787
20028
46731
35100
24444
29136
36525
99055
32509
79409
92333
61586
93140
76215
56389
13130
94881
1757
14950
67723
6516
87142
9709
46107
68842
27204
38935
75636
90517
51243
96733
51431
76529
48454
14535
40270
18893
88337
92798
75748
53125
96484
20909
91352
12144
50330
98540
14633
42762
97885
87356
69254
11132
62535
87718
92379
47846
79832
50325
61965
50942
27313
35957
48150
35223
47921
27506
40730
64894
6219
79863
74995
64090
94822
65853
28236
14910
70972
12353
64178
68040
90949
70571
74896
83286
3545
3772
77662
82682
31703
7652
82642
84671
5889
40235
19241
59250
44045
14717
73262
8049
87356
67589
76180
80587
68390
77964
59486
68153
94808
66839
3337
63084
37302
48137
63412
27215
33499
18809
17436
41199
18665
23614
52480
92741
33317
87954
80462
17892
47849
89812
54809
85383
3196
55443
84690
30361
33992
62982
6506
45298
36174
62457
75201
38390
80157
6552
37367
42135
17256
26349
6759
97835
45183
13755
12317
92091
44600
36615
61608
70630
66525
36562
81165
37242
20359
30294
24335
10058
37706
12312
87439
94141
4593
53797
65812
75523
26251
70919
3436
32822
10538
74840
65540
32734
75172
5023
46002
54748
47127
68229
39044
53201
74167
81925
39682
71475
93931
86550
4699
71497
42646
79222
1346
76616
10880
43323
70628
30535
45794
99224
22953
43098
33253
81871
25550
59954
57141
71370
80988
81697
19207
90215
91373
70500
40698
6824
20139
70059
61370
42792
289
4469
61652
20768
48369
93519
27791
62627
92989
34146
3345
57052
37133
73568
1066
82650
1478
2901
98292
17270
87833
38954
30622
5392
42486
29459
37315
62672
67439
68713
68350
55291
67441
29207
26538
2018
28172
1453
52571
62475
96150
14230
37766
28686
43915
47545
91481
43060
62770
74035
15934
41996
72359
16686
50610
14110
56198
20392
52486
52214
96924
75978
6408
46358
67636
17590
97325
20375
25706
27068
8813
39817
88173
87481
87739
52961
99099
84858
35401
5511
6161
38073
81398
94195
7299
27394
69583
91528
37410
36084
80406
59354
65610
42787
24394
76187
5996
65989
4909
40543
94122
44801
6020
43219
52054
58182
31834
13093
73308
47468
41515
44495
50753
14439
6696
78214
47527
72316
71664
38348
15737
97394
93587
91631
12237
49937
77859
18692
36016
77989
24454
43245
30356
87888
25461
95874
98069
66423
45634
87231
58013
16213
21954
81230
50690
54725
50604
85135
98370
52618
84731
38993
37286
80770
89148
67972
9008
33172
59976
69125
14610
33515
98432
5996
36403
33605
32836
30513
233
98321
9553
867
17133
14591
46987
6481
36783
93419
73162
99404
80400
78106
1718
75434
51702
88559
60157
27833
78618
92001
1176
21174
19633
24059
26987
76281
74120
70194
68511
87082
87997
46192
12765
13300
33114
30497
70827
84346
47682
36191
52100
30394
3619
11703
77105
3286
6395
54614
26984
8207
68855
14741
78354
45277
17282
63050
52914
40969
69149
17642
40582
69490
48293
93216
49559
63095
80149
3578
8099
21374
68049
19132
92433
51468
6209
68210
8917
13724
35178
74506
57482
59204
61713
13098
78878
30515
38842
76556
44991
5566
79297
97896
55893
67373
25521
86455
61339
33902
7274
40983
79112
27692
10919
23349
99055
40776
73785
60537
26415
91730
70888
58661
63169
99379
20241
87015
28745
10748
8789
49546
70827
90897
17960
44564
73031
90028
74019
73333
55896
40073
59514
47672
21034
99985
22406
12455
76118
14284
69380
33530
92649
50734
341
29271
30848
14374
64883
89400
80201
24649
35613
52368
76548
1077
60567
93295
78856
22601
65115
46471
24453
35342
33021
21345
7776
19196
86391
86268
66791
50601
5576
12149
30898
53770
50499
37810
92527
58707
82976
84531
86411
67514
86347
41754
39978
68046
32189
76624
6551
75000
81348
58866
3526
43950
29179
52544
40347
28618
96677
73802
73001
35490
52042
71310
14473
9504
56667
81962
58546
93027
37058
42357
14399
65675
81454
77331
51167
83987
94403
34516
63607
13798
10364
81766
64170
33335
36245
5123
69423
1741
37242
58219
64222
80153
95306
83874
83261
98812
84204
66248
89291
6939
15452
32183
9400
23295
83629
14828
71864
52619
30532
88276
10064
43426
67527
69092
29458
49280
94156
9113
81467
64838
94238
4438
59980
57145
60013
39039
98926
3995
68266
62807
30478
8037
43146
6749
35942
17439
18018
97288
13421
12293
38803
32399
37206
59657
97332
53427
22274
29894
2096
52021
64994
4875
16835
50205
11500
16499
87124
40690
4852
52278
23908
20526
56804
27898
78608
38447
80503
89454
91800
17033
10504
10801
50712
4596
59604
42901
7201
9208
50254
25492
85581
77164
93298
29221
28164
46605
55382
83535
12885
19868
23000
64672
62220
92279
3180
93300
72885
218
71009
36756
15071
45013
29444
72991
43193
42172
95519
97304
3513
71935
96748
54792
13283
56394
32398
91754
82548
5316
92934
36816
38614
30655
72500
93817
36059
55078
94566
10001
60771
20717
92849
65421
58573
7235
30368
72583
42520
57698
200
94940
34860
10256
76796
5007
96373
14619
44992
66199
59794
97684
79722
96392
86541
11948
18468
51316
51235
30807
99482
14419
68228
53657
88100
75659
1751
51028
1406
84476
40641
26655
86300
33475
61137
58314
6915
6011
66649
20927
48394
72554
46621
7538
35747
80689
76977
60070
44692
79916
5580
27174
11340
83871
39846
99098
94588
56720
35502
52320
43602
37483
12410
35298
23066
77698
55728
18208
88944
61391
8772
7807
67129
48546
35345
43720
93235
88240
8511
29815
45038
24274
3030
80512
49910
36670
23098
50793
75168
66400
89529
35238
36879
30937
84651
45992
52876
38151
58136
14813
4851
25292
75917
79173
77271
6248
12610
11698
77008
13821
39716
66502
11312
65613
57167
81768
61820
79704
48534
38773
69954
91505
55482
53138
56103
80783
80144
38154
26804
88161
27153
12714
74079
68692
53865
15347
77725
98115
94220
40332
34215
22172
66026
10195
32803
56891
88827
44614
89796
51808
12276
44029
89074
83474
67270
64612
6530
40131
77814
75472
19346
63746
48536
39330
1712
30321
17709
86371
43345
39497
3716
87365
74372
63248
26396
3226
36419
29643
37099
55814
55017
93812
51610
15020
31789
76655
90573
42474
39434
81172
62282
45981
37570
31909
2034
24276
48422
84887
12689
52860
44672
7917
28154
27046
4385
466
96339
31127
28940
30745
30210
77763
74883
8037
74990
587
76062
86135
35964
22701
36236
69842
22760
61582
67223
76904
93845
93092
17402
39278
17442
36532
40458
52519
91959
1777
80813
54810
22711
46972
51297
12306
38050
74844
71992
69214
52545
58243
21621
88697
99791
16855
6145
33920
6462
42424
17819
91972
87192
83252
60007
64982
13720
71739
34082
14634
8889
58417
96677
98049
73182
80828
6261
11344
56892
62886
18474
80848
90576
10849
65765
30735
14634
95249
81577
81847
79258
46249
82531
35825
72656
83373
11242
54436
63824
78363
42910
94146
61862
94321
70731
51155
94860
33689
62883
3024
39492
51469
51012
18417
37497
86238
41252
99437
18125
36766
36833
52669
77925
39408
98266
17315
31048
9482
34915
57996
83572
20820
35832
50227
72668
99507
23413
38811
86997
68788
36934
25584
7842
91934
99763
63829
45956
79216
4910
811
49194
39934
49524
8234
75373
15092
361
81903
24194
99895
46282
60406
62303
13223
61504
68594
33147
4231
66968
76253
4590
20752
11586
73943
39582
88317
17172
34302
33272
33883
56579
2196
20085
572
7415
81130
51973
37448
72556
60951
28796
68612
1863
63192
10257
53137
26530
72378
34
59472
21574
5757
55711
59602
82664
52274
9360
36653
5233
48865
92237
46883
10944
24850
30509
43387
15577
24227
29511
28502
41285
78887
58002
56684
998
42396
15681
65290
52099
17275
63423
10211
11095
88081
62473
88732
64201
91362
83209
11498
471
65802
12080
11003
48634
50202
27113
68016
33503
76884
62059
21248
76571
80230
60347
78991
76033
71837
10269
93559
86612
81350
13285
26921
96234
79869
45174
26393
19332
82456
89461
54202
30307
61457
34518
72376
87950
47033
95720
45137
82983
4820
14875
66350
98046
88354
43357
66824
16733
40963
88338
66017
22723
24642
91816
45194
85718
83382
55781
95874
27984
88120
85407
22274
9763
56980
36398
73077
28895
89596
19979
67276
82036
81131
82479
9747
67381
29798
17982
5485
22373
79
44163
90657
93477
24667
27310
91360
15256
47486
21409
19421
70641
40053
67858
77716
43031
78329
47148
75675
344
86148
6970
31180
28225
18747
10591
68250
17842
69857
67412
13103
92460
58999
93100
2
65612
71940
26673
70926
18531
99484
79469
97459
67264
21266
61394
64769
39057
60637
10956
47721
70559
3055
57729
15962
43032
1455
25431
41227
74507
45592
71961
67284
63886
17949
22453
13610
88574
40576
68332
64821
96557
18939
79527
46388
53377
10888
94946
92463
27358
31962
84423
48284
36513
75812
6186
26704
96345
58637
33143
59232
2874
8014
13289
58492
89697
77088
75224
7747
40186
87954
99703
79025
28832
69416
68270
81107
28800
94717
14225
30700
59426
37600
99351
57697
24138
68334
40954
7906
55204
91873
14278
44382
65645
40737
63953
83688
64079
87537
14667
40925
63046
798
38223
69020
98328
55743
13878
82321
92915
78833
74417
75782
72307
57961
37640
78407
36614
29666
60024
90870
14126
84786
6794
43976
80723
98561
70543
37004
63048
97707
23117
27790
81376
73176
79145
1422
65420
13351
18376
54774
97362
21629
52338
74318
4091
47355
34248
49841
32551
59359
45110
70273
7695
89989
29124
95056
94270
62510
87363
29422
5292
8696
10455
85961
91051
54853
43315
50026
42941
23232
65
67637
25755
29211
58428
43587
24560
39722
30457
81128
74489
55921
93813
67488
24933
76082
65719
5009
34805
87058
30557
92336
70272
2145
63822
88568
981
12212
63137
33091
31078
46772
77963
73177
15549
65726
91356
37634
98109
80652
98839
93890
87376
14788
67384
77929
25852
15782
36465
52800
44062
24549
48091
31858
70288
75003
63474
27064
36649
12553
42993
41235
6643
42341
51114
24990
54824
32826
96239
16810
33318
13728
64734
79216
42256
38177
9865
57465
14092
47514
15137
55789
35000
4211
9494
58818
50954
59144
97191
94599
57277
79442
35112
97947
30853
64812
7047
56419
12057
85263
29106
40467
92742
15081
82239
31557
65756
1476
12212
19210
41410
68876
53113
24230
43544
38736
76620
8604
91157
18170
50908
34799
61630
38727
85134
17901
85175
45872
24032
22551
52850
44276
46202
24322
11421
21408
96385
55434
73185
94451
31845
84631
20587
37944
91160
98646
42112
43292
48714
24775
4666
65125
77204
38446
22292
47102
98105
11056
86302
15106
78110
87751
31798
60637
29897
34289
25769
37303
86860
45512
30004
48795
2647
21418
10160
3007
97161
75217
50713
24451
76799
306
82227
35921
27124
55673
58257
31975
60761
9745
93219
18796
44026
86132
76039
46690
40297
7608
71622
37763
60575
46230
5280
46526
55359
39274
35646
63749
72170
44747
9686
82929
49781
10476
49816
78135
21607
28297
42350
18579
20264
51034
13041
54853
63189
71692
43314
63476
53124
15977
62868
45916
27451
90701
36501
96898
32575
7235
50861
46542
46556
20704
78683
48242
70233
91701
65844
89428
99319
10631
65112
40984
54923
35624
84554
2148
64110
92188
55726
60768
87778
30895
22254
81615
82103
47209
30123
34604
6181
45367
25697
98902
17644
89939
91091
36250
50011
47043
19149
23025
64325
10942
6630
41678
50754
95568
91718
50549
73328
37620
70474
84651
60530
75024
24789
79921
90074
56954
14594
16711
6302
76756
65770
71813
59511
48368
2848
4656
16598
24321
46736
52239
27529
28688
21191
74875
7919
37289
33512
11826
26705
39948
16921
57415
79
46595
2639
29473
1666
33513
25624
10537
31009
53641
21343
98516
37542
68577
70816
22111
98138
27571
18590
21910
80984
7305
43801
16835
3122
30107
36950
82547
1021
85314
68818
43162
14683
73322
68836
92352
24448
3667
85362
26880
21179
9143
79521
46999
6506
40898
75874
11544
6032
85826
39526
91538
31526
52522
35464
1547
7103
62347
76776
77718
81943
7177
55761
25309
5994
311
85741
86758
93960
44643
37624
47878
58970
89292
94260
63197
89874
36749
57948
25216
66169
92180
23769
29375
62416
63493
12100
78973
92513
57307
29966
92712
54561
84830
67268
27354
86269
82406
75412
37261
98591
95929
65958
39652
91045
86509
14259
68354
97245
47510
68219
98010
9426
57802
69731
33971
34213
28484
52540
26048
85716
55316
22079
49442
89721
5966
83427
84751
62168
75738
29326
72822
88318
10278
24104
80357
12930
42449
59812
30250
80173
37556
65343
15649
12024
98541
58374
34172
53261
45853
66377
34003
12815
93323
57615
42169
73148
30478
58647
2910
54870
8792
77398
1470
44312
85924
29309
47345
71258
44722
54660
521
75614
61023
64068
92631
13466
58686
17302
52676
29765
86579
40196
31896
15835
10883
57705
84313
29497
48660
53287
14054
211
54854
19680
46869
94470
51424
76493
57163
88578
82181
59280
84442
94922
44533
27370
66584
34878
61063
54100
76506
32674
12376
74353
6164
64030
33992
89740
80877
32423
99085
3553
74629
93248
85712
41495
6028
37921
66464
92633
97222
19826
15658
74185
74797
16855
66816
71150
63256
75639
97888
66334
72792
48642
15401
63345
78306
74853
49385
83442
85240
68241
55195
17976
27436
26114
83032
60339
50292
95430
76991
38964
54653
82751
38737
42430
19897
38031
62145
59234
69754
33538
58424
44119
16915
98800
29850
53127
13145
17096
94864
93332
155
3461
91281
83484
11793
23134
5881
62487
51481
87999
9608
83599
15238
76163
35455
56294
46587
30784
30814
32138
727
64545
47503
19483
67717
35968
18282
61470
6631
7853
37183
32168
65765
65664
24915
37264
93953
36308
15799
69726
1069
85906
59045
15873
31866
49959
1123
95257
74971
14859
42100
10249
86047
49705
56277
24099
58623
97783
48795
81670
64027
46954
31039
99198
47451
73650
33667
93652
91475
1275
36839
7992
75561
71664
522
77599
10413
68724
73569
86322
293
17957
88116
3115
50665
23458
48417
91927
64846
9495
21388
63895
4481
28669
86546
27996
81674
19947
26794
18550
47815
55235
98674
91257
38176
16135
1950
44510
39728
22548
35619
199
73503
22986
39190
7765
71863
28584
7343
34356
69181
84938
16682
64035
99517
53565
80213
6326
65305
36434
8389
76735
74800
56047
24529
81836
68246
41764
37406
14841
18723
23494
64299
9415
43860
81432
1074
14072
89526
7507
53178
38025
13426
99023
40793
5592
14021
887
74616
43566
14221
77305
83745
45060
32886
81443
82860
4629
24944
83716
4751
77610
2189
8163
4675
48255
28747
57832
10208
58057
18670
79010
53004
35413
14627
48990
84016
87466
39215
26033
63687
86821
9323
18515
74323
28540
85696
92256
32345
83594
22528
67772
1042
69022
45222
19088
53661
10699
48576
64562
39547
8685
73662
77352
71946
8601
8770
25916
62530
11456
59758
77628
6128
77204
3677
51925
3071
4255
65663
58585
82147
78249
46430
36152
62754
97053
30431
35098
35497
38280
76634
31680
29958
56231
91922
81652
28312
95299
83254
59623
45521
29371
67853
9573
63484
81365
5863
69240
33159
84105
9952
17410
50595
68857
66369
45064
29090
14921
1758
89562
45735
79236
82663
12254
18381
18292
81182
89810
76909
32003
98689
22421
77829
51893
2057
30234
2511
79479
71985
99554
90210
60106
83198
65403
8845
22281
10444
58563
64509
88624
20041
84465
50916
23183
42852
23515
76658
24897
46796
44560
56481
38793
80644
66386
22570
25001
16720
68268
24081
2960
66536
4172
52076
3491
87004
17375
415
43887
40210
96820
84271
77166
39569
85208
36682
9646
44947
8514
73917
41540
45489
8859
35495
34287
4230
31958
96155
43212
31078
33474
48701
29738
88954
26120
73323
61842
76015
54535
56755
71706
97916
77088
31985
32755
62429
92879
67885
19927
93674
31128
131
88316
73127
94457
36896
23149
17431
65969
37908
49717
17636
85443
59958
88227
52490
2070
64732
22854
26672
20228
66882
50114
20736
80711
99945
92492
90032
77342
61457
98475
90727
66839
48274
86240
29766
43537
56809
99912
11396
82048
35911
23855
54913
45349
51560
76808
74645
32310
91187
38906
4765
4047
18213
19997
63507
29714
53633
33624
24092
39345
69350
77469
71281
41568
21489
15646
84098
88264
39820
79998
4309
95608
4034
63743
77922
30121
38928
9090
15654
26188
45630
13577
60416
20847
53410
94287
48838
94016
97588
90353
44803
19711
52056
7947
33894
46715
12689
32328
75256
7862
9704
87233
90359
64776
82440
14402
25681
55062
36618
27944
96417
48573
28883
24141
14437
40992
48056
22584
53294
60558
1520
76435
90150
80507
90291
68035
17670
12481
14144
6520
27023
27829
64688
78251
42796
59046
36446
17674
55947
60547
70937
46289
51190
86480
13219
74430
71324
93584
76273
45063
55242
38153
17507
57840
86878
28031
96988
24451
29814
1061
23631
67965
3222
51789
61037
67006
39457
58129
29585
20430
31183
88651
98733
43409
63951
28722
40987
6788
41362
77861
95250
18618
43540
48990
579
36942
73464
10116
36417
66909
2447
47669
45606
98389
83455
14973
45992
36122
71936
1250
55993
52155
70655
48339
33639
27737
44288
74548
52040
41409
22318
36879
86152
56449
59414
90607
64239
54019
2663
58545
41795
68010
13392
95493
57096
97010
80667
96912
79591
51689
90146
61475
63876
58973
46679
83118
45412
9373
31375
91796
79974
19965
92762
16565
28242
85165
31855
24823
18452
47361
54799
48616
38947
9228
63224
20475
36681
16939
16240
32703
71976
8402
64689
42701
42101
65558
55712
5852
13949
65949
56640
22868
37474
7537
99114
86262
48520
60475
48157
12270
94069
99124
74341
69039
47192
55169
47867
19589
59025
62991
18034
96267
28444
1297
99545
33026
63027
57523
19120
6905
50717
14814
16986
47678
28629
5798
83546
29548
9484
35268
39960
26697
86776
71420
47338
92966
84756
20518
29861
81747
8749
29102
26978
95051
63978
79193
3774
50853
17234
68390
37861
15775
33804
98622
88091
38802
17494
22937
91377
44990
41119
36691
67555
6430
61658
66157
29131
74871
82944
32243
60569
60874
3875
30037
84319
1458
35895
20240
88532
2419
81264
96618
87663
46907
869
79304
92527
59140
11732
39077
26102
77613
49202
46832
18997
45803
75667
43496
89231
52649
3119
66747
14432
82620
74065
73961
61043
1656
80921
33565
33665
39031
76607
54189
17717
82064
2423
3162
14438
94556
93489
45136
41535
89084
41245
71147
66484
1129
88262
94212
91315
75158
38561
26789
26775
23673
68311
73779
31909
68330
13340
32229
92099
16666
62608
36192
11714
7492
41143
55809
97589
36080
25648
14551
41363
23235
8994
7103
77202
65892
16477
99024
86500
66305
69230
76527
22835
8964
18533
3881
66594
52427
29853
89924
92530
38153
92464
25657
5435
45513
87486
56057
5506
91273
80554
16414
74136
18688
15119
68332
97548
74105
86381
22699
68012
88232
95322
56531
47155
57791
95555
67839
55340
96886
76328
26078
14699
17290
45040
28031
66720
69487
11530
65402
44204
85932
67612
9451
78935
56702
32680
5068
50790
23007
16501
20917
25005
95302
2426
55516
59813
45725
58966
50761
79502
57011
90309
62218
38216
67125
50289
87817
24583
64939
46672
36918
42988
19698
96269
4144
88593
77159
96959
67718
53575
43435
42731
5028
9568
89886
51407
23674
32379
22776
14677
55570
86682
80352
90047
19527
10678
27818
95776
42734
7300
23921
13815
90252
94865
5189
85917
61379
61903
35518
96969
62400
61001
78903
58946
68572
59258
42539
85794
25002
56150
94651
27163
3545
52540
81692
81488
19800
12002
67229
25228
15239
59470
72581
75343
69554
38613
66270
23867
40703
13268
52665
71357
98106
53797
8048
57496
54929
32123
31875
61024
67039
86864
19121
3115
442
8390
79535
13060
74094
64369
62912
17607
32899
6461
30860
45559
23202
48111
69075
42690
18362
58753
11685
40334
29601
16870
57937
16908
85430
32432
9991
63616
73688
32476
9091
5656
2863
33741
78144
38970
3822
82370
26512
35641
21611
21093
21031
26251
7717
40212
21194
78992
53571
53178
4825
53261
84962
88599
25048
9258
35690
32450
42995
99093
79643
87114
70137
39737
46168
73863
12644
44831
31658
26979
55361
61714
74424
69737
55840
35495
4577
63770
63634
62779
76757
3330
39019
43775
57926
93299
9996
49783
2254
32528
78883
51524
34545
69189
34131
68511
71406
83017
90563
42910
2511
3288
90409
38764
89644
48247
74149
26634
38660
33922
80003
99960
67605
82823
65760
98299
80488
36630
61749
15215
86559
35832
33474
15315
25467
88389
76791
92204
74990
56736
56503
94671
36435
14159
7632
50235
2768
85582
59707
38260
37265
1806
3968
24219
60610
10322
61695
21339
18801
99120
72227
58985
98655
98265
42279
66587
2090
30835
3522
42558
83921
73372
27781
47306
58888
9899
85553
96949
12579
42959
82159
75284
76716
39366
20788
3478
99314
22197
51977
35320
31975
64214
16701
34066
97557
99716
14508
31160
42697
69093
86136
73858
67278
62836
23902
29039
60987
47882
50835
97677
13285
45269
61172
66315
35573
6768
32070
57574
40510
87299
28207
91051
42365
68837
46358
81908
67545
63898
85160
14991
26212
60027
45366
75730
20780
56973
44910
78402
20567
63257
28741
99346
97701
55443
85199
38893
99066
79841
66915
74283
86920
63388
5392
58265
9682
15231
61191
75226
44988
56189
1493
4746
40642
59355
3803
5522
32897
15093
24659
97883
57391
9023
23662
9083
60025
65827
54071
57031
48894
59326
26233
1182
73441
82163
98860
99217
90817
29705
62150
29090
99816
41569
95842
10272
55704
71457
8363
379
78140
45629
69073
598
22310
66179
48513
83415
13739
35939
20811
53552
74576
9745
80416
93269
18751
41169
15652
5663
33311
49051
67079
47296
77923
31271
53847
3883
98767
27809
5960
93945
56880
42382
58450
51614
26679
75745
3495
74083
24618
76014
7918
74049
86230
82798
5671
22620
55364
50612
48576
29582
75427
89641
31969
18776
13414
80081
73242
57261
44906
74750
19190
99623
41214
48870
35158
92949
66765
39943
92378
32215
45481
93382
90795
43760
75918
24222
52944
82285
62825
84346
13846
35012
51400
9539
24878
26541
62469
72378
6712
34417
73332
1486
54620
1031
8309
55012
7398
80678
33222
34771
30088
27261
36243
57613
57607
97065
87454
22248
17571
29750
66154
39272
99223
15841
16442
70053
26458
2920
59946
64261
60593
59061
59321
34101
59056
31725
28767
10509
10128
49182
43009
73582
4509
23884
91800
61510
40648
39957
44570
82588
26523
38316
23385
44601
70445
26148
4562
46811
78321
97484
70380
47193
56934
16919
85164
85416
82830
46949
74511
85876
38101
17516
9484
23660
20800
95154
54898
6310
94811
86838
28865
31543
80291
37462
55724
24193
98742
81058
58106
13912
22366
71847
62729
66601
23413
46919
12065
31371
51636
11773
68224
42837
63456
49474
33896
93184
78709
80723
60000
16817
73640
6944
23455
84219
48804
94377
48485
54131
96022
48524
41481
28168
5496
97118
62091
35926
17673
22718
59963
33478
60168
25669
12400
57321
50712
83246
63695
84081
85299
67917
59162
5552
8295
85461
99804
98940
88051
62139
43076
27511
98371
33877
19162
51045
48122
25129
12729
82494
51014
7701
79467
48379
83847
28401
34935
34755
8141
79174
41420
3312
80999
92230
39136
42897
37978
42743
25900
23593
41229
80298
97025
46402
2917
45562
1978
70049
17937
33495
32877
30241
62088
61046
97171
84103
80246
80668
72493
78060
72230
32072
56983
54602
96236
67802
28974
72969
22140
56445
89523
72257
8692
23242
21244
87727
43341
31983
49846
51392
44022
55644
44063
19094
64290
59944
60205
67426
97180
66041
30018
92322
74025
87168
12175
81165
82094
17111
10516
64585
5287
98267
75025
70504
26638
73372
33933
44770
79571
10063
71145
14230
56351
83473
84260
11812
17271
34844
36633
78132
49244
69855
32298
36306
69672
46001
13026
86714
29135
33782
33001
11293
3197
43283
75025
90834
29354
12523
42520
97329
29984
9591
3688
2453
55238
29479
10085
10018
38857
28213
21631
85157
77789
43543
344
45884
26226
43323
53417
49442
16587
79586
74218
89519
91648
5366
4213
40316
98900
8025
8339
3462
57091
6732
77514
10639
54035
47624
72954
82595
81254
53326
42503
40144
50801
26175
94923
82428
80978
35539
7780
96981
23155
50347
81927
44668
59122
87656
42163
3622
51403
47346
52353
51459
67147
90017
77920
767
94642
55665
41050
59560
31549
47209
11269
29095
74606
83203
98438
56700
49624
83177
89007
81456
71274
995
33727
72042
89005
85826
52053
27636
10379
7362
9022
98632
6533
72628
35356
26980
97140
22267
85798
12572
99277
98660
57501
8747
63204
70028
65362
44485
94428
76809
99595
67311
54421
24619
50463
58285
80673
46930
48570
21653
74857
23000
43821
35537
6876
64829
78053
5394
62862
10058
13465
32741
44696
66023
83810
27110
22877
80402
99157
90185
32987
70513
91623
39077
76564
35882
22940
12259
98939
85723
81979
40660
41844
69463
98467
84903
14457
25879
48700
63557
74590
11461
22531
97407
90333
39622
68068
71745
14993
54680
60442
61546
89642
84577
63187
1230
88732
98527
45495
98247
91343
24355
40487
55086
66492
57219
97649
90092
48473
20313
80280
59679
75998
78032
21808
27171
90468
47177
36689
21372
35306
22354
9507
27557
79812
19664
29181
77176
76989
8337
22807
60124
77313
7271
54478
63149
20182
17475
62975
28486
66244
42788
9703
35528
63076
96544
22692
54763
69297
18479
90990
22759
39838
49
9729
23320
32507
93096
93920
29377
72528
81108
20057
95007
61534
82962
30859
6669
16836
66442
66603
42348
59629
74089
55595
45473
87996
48937
73451
50034
65563
680
24570
16078
1029
87914
41679
53981
3927
499
61366
49872
32204
70366
33787
47161
8781
55288
97019
40749
75580
23097
67835
91167
76201
50555
90664
89803
41792
18612
74827
9776
6685
44698
28672
79909
77042
20268
20837
85227
56970
54835
66151
15994
3805
34512
81869
28076
13725
14749
75815
88366
70627
17133
75963
84802
74688
63570
32703
32123
69479
3745
62552
85265
80584
32387
7658
54184
99580
35425
64047
24242
4754
3552
77284
65734
23895
23084
89611
15917
52664
15150
57679
91371
43939
98981
51058
82229
41165
16048
68793
23834
85315
34190
80953
11719
31338
79941
67116
52929
33611
50213
52097
44831
26351
14590
44667
28441
47266
92121
62171
6279
75358
5290
20717
62150
25533
53972
94056
63503
39879
55402
9609
23657
35944
96950
79344
95015
86296
82154
92390
67971
41842
71241
53074
37602
34780
35711
52260
2783
38253
75774
22563
64091
64725
92942
16797
13294
38387
8441
99328
39518
96239
40658
96205
45727
73063
48129
3575
48303
68331
86068
56917
25872
55724
17616
8707
12386
78595
39394
19654
22137
5993
5040
44077
5115
88668
44236
55771
49140
6229
33593
84911
24868
20035
29057
76949
18466
1312
54258
84367
98067
42646
38669
95400
91748
22707
1972
74203
37558
81405
80053
44855
53774
36846
69823
1304
29692
58701
35978
28000
50157
74885
74251
17721
32700
82743
74573
78184
76568
88805
98907
24280
40002
68436
48867
41145
34129
14150
37396
49680
68911
78676
38407
25280
93645
39259
50983
56894
8503
25177
2562
74667
93343
34156
11005
98925
54765
56385
41984
62207
65783
98847
79839
71609
49546
87456
58371
74524
5802
50596
55647
60168
92238
43833
79494
50142
71766
96344
13813
67735
63597
2292
21561
85221
29197
44953
79655
95360
21991
2003
58830
63237
3749
15286
89519
16935
72794
34451
48384
60929
95088
91847
77222
73417
19154
53958
88283
54815
13603
7935
56846
93310
83372
91165
64287
40061
16328
85771
86637
29582
4543
56403
63108
96933
47485
3445
95756
99121
80130
70454
96471
8214
47742
23053
66661
88697
1670
17013
58040
13280
44626
67727
94099
22479
11574
38759
92162
42255
49065
34003
33703
66079
7576
53859
32038
672
23773
97372
43879
7826
70396
70130
59015
15196
5582
76366
46112
43765
82324
439
60714
63726
69889
84483
86085
29432
70583
55769
93014
42523
43333
12808
41315
64977
15840
63124
40500
1890
68012
10940
44019
98676
90948
61537
32499
11454
31610
24222
8823
73570
64923
12178
44723
19346
77763
13671
60955
20158
77111
59262
30768
143
78676
21566
24294
28983
55890
30028
7170
72876
30543
31018
12313
42049
54097
43265
2277
56287
67525
16448
81081
82906
5587
67246
20904
92131
34631
82999
98672
77605
64955
94904
52948
79559
6632
94835
7029
45463
50359
50919
22893
82256
44485
91948
82075
73158
42674
67728
38197
77770
57063
37877
37864
99897
18626
51425
69674
99485
8544
14126
45950
19919
80174
4514
44972
98313
2444
63148
38014
93913
14936
11126
62446
12777
36669
54903
94568
49123
20825
65952
14084
82819
47007
54733
94779
14742
1061
8018
23246
5101
53979
1265
57278
30285
20598
60928
83255
3019
34245
57221
33816
24531
47872
73448
92343
61570
66962
42441
9924
46955
95592
70719
88158
78884
59957
5763
38608
90922
73464
47814
37340
23488
99560
68405
8843
51078
89415
59244
30443
76517
89525
51809
90800
56065
2245
49378
24981
54016
1121
48513
32210
27845
35799
76601
24433
30842
86839
42672
15280
20348
55279
92726
70717
17487
61859
75088
57912
36944
70405
53683
83191
88825
63740
73056
76381
63203
24181
94708
61274
9799
10689
70458
43169
12741
74826
71307
3134
77571
77151
9119
18608
20826
51992
93146
43451
9205
75251
47047
84043
60798
87430
17317
33405
64465
57172
36373
62315
12563
33250
983
72790
69238
83892
60166
52882
54709
44978
52612
9507
17862
15225
55929
3407
78001
234
2948
89798
70882
12833
58316
29504
87156
68111
68849
20506
48902
98492
86133
25978
36169
25417
32175
30986
58668
42788
573
84811
67555
70966
44973
40411
11519
34572
11306
85393
61233
46107
27785
78494
16588
32616
897
3625
94123
64100
80788
40011
83002
47906
22095
61406
83852
12408
59430
15157
65750
18888
81441
28763
87878
32912
43064
10288
4988
34500
97521
9232
41049
27392
56481
1593
60296
61082
52653
67541
4086
64308
35829
5772
19694
78196
59598
99722
49362
18044
7766
65080
57306
34466
98465
14864
36968
42824
96537
39557
96994
712
28734
85170
84439
38076
19019
31376
73999
4557
72275
85111
64976
73913
83600
82395
37451
12858
53147
34840
41581
72634
62834
24986
86376
97617
3459
2862
14396
27566
32537
40685
15261
84815
48966
48294
91919
78783
6554
44142
64365
55956
8646
49696
45505
10912
54541
4292
79556
16331
76648
81850
16797
61979
88244
63297
84019
82752
39703
51169
93196
57514
32611
46225
66237
20147
67095
91301
56716
29433
37797
67729
9007
69350
75677
43701
82077
42218
52522
59942
82779
67012
7614
17313
89201
69487
48147
58962
98836
38754
70109
54235
53587
4670
99994
56009
55022
48660
77669
70524
17231
53901
15566
41038
53977
44689
33126
19187
85493
87202
5623
42820
80398
78787
34207
26386
38298
49731
71992
40012
10884
29361
85094
45126
91118
72535
65889
18731
64813
73555
68925
86737
18460
94662
54702
96636
10668
727
75920
32579
21852
81547
61667
23921
91669
70768
38349
33655
20241
2939
41842
64749
64169
88978
57942
53918
32010
83228
48054
77869
25559
40454
26688
65852
48481
85030
14989
72363
41129
95233
4102
71286
84881
96990
79352
19375
26911
7718
26375
90273
13412
49264
78021
46838
19264
599
99712
36184
61796
50437
97221
49153
48553
20513
34384
87131
18692
43844
12769
38394
54628
65215
86309
51822
32190
95219
25763
29282
79819
82865
68869
81065
33259
24961
66390
26864
61785
29816
44019
66244
47920
11653
60444
52320
61591
54934
60019
73752
3391
76027
70836
53509
94546
9450
64108
53916
3209
18010
22646
60218
60910
36154
79811
75781
57683
17596
9420
32175
22317
91676
43950
10488
86922
4702
9091
33983
44690
5974
72424
85987
86577
60170
69295
28908
3576
83317
87
83023
84585
31788
57649
85412
32207
95659
33805
77903
16180
22103
9654
16714
45947
48306
18005
88218
94026
21178
28285
97914
6912
32504
61177
44059
84935
24032
90226
61793
14810
95782
66773
10791
17364
44042
12779
37556
84644
49968
52487
11589
67812
73536
1441
54259
93819
49472
6588
81090
30023
5239
34274
58552
7610
32837
4404
57560
4805
91258
10256
38377
58479
60560
46889
66188
51088
9773
81689
95970
34031
28492
68364
26503
85722
64223
19187
160
64458
1870
83704
35811
32234
59938
26973
44001
11870
98588
7125
32649
25844
23700
23412
70849
48716
28858
45685
11106
9104
83124
627
81832
19027
48900
10755
82080
34212
55579
85449
15109
74762
8110
78836
57452
23656
79480
44808
20493
74041
891
20001
65980
77354
2403
6260
50508
68131
87490
96784
25261
7777
96297
70610
44177
692
41192
76297
22804
67251
67194
74804
90719
12220
25100
30283
8519
18048
37638
66641
9131
61168
80999
99781
69963
89426
5193
17915
52934
5408
49569
47348
74108
16928
12745
25740
39838
50426
17405
27000
38649
82591
70430
82403
29299
77017
18292
24795
36255
57234
90466
5340
52433
63023
48565
76284
70082
59753
50234
37667
37416
53503
51714
90469
51148
36560
8050
64405
69331
49949
69930
87735
36501
19874
78968
79025
53873
77348
24157
38826
81189
80522
64409
66457
56287
2005
2962
52171
90710
73074
76733
58364
36299
53163
84930
69355
84939
1235
99463
7714
31498
52601
41033
97088
93871
81185
88381
8784
93468
43229
14742
21663
75137
63798
16467
25960
92874
37537
88766
66664
65147
29273
74126
68994
17818
92309
5113
14382
34928
17493
53482
54831
67736
48876
88349
70294
27476
275
54648
3664
82686
13124
8179
35631
93851
53160
73050
33987
80645
66360
52639
1237
46850
9818
87953
43632
93551
17999
49788
90490
70815
49943
21908
33827
59696
1180
65559
91637
29668
3515
83855
23786
24705
59922
60856
78041
86000
5888
73104
97718
33890
27340
251
97699
58395
60413
82974
48326
21566
17940
64360
87737
16795
777
92561
72044
88467
81866
51918
41753
98506
10092
49743
30286
1560
50629
9850
4902
41770
60325
46318
22284
21207
53222
65495
7822
74683
20818
48516
30369
6894
8014
37544
50635
16849
96463
80947
38590
90697
25080
62851
76481
83353
31216
56236
61051
75147
43165
63523
21007
2288
3968
23881
8545
62315
96618
1421
25824
94389
63971
57081
24817
13807
41618
65038
8456
78119
70530
58746
29629
1008
66590
6353
72663
39576
7184
34289
24258
25444
35986
18831
2321
34782
78370
32047
73811
59747
6222
44112
9594
57696
95298
75997
70149
2392
66093
94230
55014
20387
8824
4534
24911
12030
7961
60496
53331
55622
91658
76927
78912
192
28176
16894
4396
66280
85334
83783
20783
14418
63831
51086
68599
79639
2752
34000
17634
67195
26841
34054
37286
77678
69786
65056
56131
79075
92706
54128
92542
3413
96809
40564
57589
65149
11012
31041
3583
26917
65859
26913
27557
53896
57896
50069
5066
7516
29668
61831
17875
24664
72219
43033
65501
38017
9948
66801
19127
57241
43925
13602
96193
70944
5700
95318
27271
75447
7642
31114
9655
18325
68447
40297
69654
16779
70665
63466
93750
64311
58131
45363
98341
97044
89137
97005
82088
33844
98363
80785
72188
22166
28032
35636
82932
60208
80951
88877
17769
66224
43075
6672
72798
77471
1298
11787
62640
18290
34040
22785
71808
90332
77151
55497
53860
780
4680
49973
58008
58254
38459
6942
3702
66744
13603
55092
88709
32152
38048
23488
98668
16677
35411
87992
63882
17477
69295
70484
73630
45111
36252
99390
63896
42560
73158
54184
26639
71333
48750
68721
58615
83418
81620
78569
32278
40178
13427
98081
10736
75242
90624
56077
59155
14035
22396
34845
57475
99272
82830
66545
83197
43322
12962
83441
25242
69223
68840
23094
56025
82897
82040
18518
33114
72646
54010
95078
5936
58656
47876
94862
75557
86950
87378
50660
52239
79528
42705
30264
37954
27775
9720
89780
44399
39045
57165
78553
80300
18828
11186
1855
35373
41971
73048
87268
81679
38177
65063
54923
43382
83934
23700
40314
93404
79464
34502
42603
25431
76301
70927
66615
82379
19033
93356
70591
4252
18505
87343
33607
89251
76719
15717
21500
14941
63352
99643
26554
40519
7860
79591
23454
19743
39144
53186
33377
14202
98680
51672
12836
72270
36733
78149
28390
25173
8930
7600
18695
90524
99335
86349
91334
23783
26270
44356
98364
41682
48383
98119
85150
31359
91198
90501
74855
44139
81468
99697
86702
46272
89319
61394
14708
79197
51838
32903
55006
51528
2230
81148
27765
4486
16824
92200
76950
77258
1390
37670
38971
89971
74371
74970
31327
95450
8007
46880
39250
82418
58175
2329
76696
44750
19288
14202
28670
77919
73725
40737
47659
45556
88427
40733
77446
18599
16060
84858
82868
9479
99848
8291
39583
34254
22174
83575
13051
54024
60181
78658
68263
37573
53010
19600
6547
72087
35338
31332
30286
70466
83636
9126
49910
61679
4879
6876
76339
55038
68324
52647
22190
50730
47665
65948
70524
4488
16494
7885
69567
28700
41542
22256
6476
88907
24309
33782
24992
73980
52636
51153
15946
23934
57959
86910
21483
90351
99336
11286
25395
52293
86479
7689
74961
63821
96462
70598
75874
21537
34297
68616
24545
30665
53372
1327
69849
82655
25836
95838
3036
44261
94553
68478
29323
77504
53106
41053
79695
56708
34861
37157
64818
83012
64891
12079
69003
78146
3194
56099
47705
42835
49978
8290
