32420
23379
72075
11835
94338
51848
70510
92189
99071
37213
5125
63823
28473
70738
94202
4878
51500
5481
98249
25097
24522
35342
37677
50147
1960
17834
16914
41607
80559
36424
31479
24296
57672
79843
38960
21493
96493
69721
24235
64370
99609
68683
91378
88508
26894
95243
14358
67707
40096
17607
95935
34807
61794
11249
81116
78574
8405
72107
88323
76020
94667
853
87187
19805
98280
22116
15339
72133
38280
57456
92876
15566
24456
58160
20694
92344
97831
7056
288
78324
55188
53979
37719
30759
2250
788
27536
60876
3982
85137
24088
83635
17333
24614
21474
89062
11365
29227
94775
43350
54089
88063
39519
55099
69185
58056
10185
23987
62433
29639
24413
40773
28180
81793
10151
73127
35873
87426
19955
86828
1474
86953
94341
52957
99992
65223
79084
677
81552
79398
16892
71220
91541
76765
70500
11069
81753
25906
36880
8192
77055
23690
59590
1432
2817
38063
97966
71055
673
11768
57607
91169
22594
33013
41978
58778
810
34426
96002
41230
80752
72184
60103
463
4093
28897
52956
63368
66026
38926
30263
24703
23006
14726
77661
54668
45011
40219
7048
42726
56799
5164
11064
52183
54701
80863
56248
92739
95102
44649
39116
3144
12422
14393
62369
17768
74977
15571
88487
57022
22808
2624
22739
26501
87259
104
79621
30039
82443
9114
62210
3212
69489
21712
61967
68200
24577
48038
32366
18948
41244
99878
59241
65706
85155
63940
75869
619
3970
41524
36318
92344
36737
69249
54989
88443
22423
92781
54009
77798
61905
6991
73697
64047
47663
25590
88858
81665
23807
65471
40451
43734
32086
90945
37647
11362
71979
59256
24136
5808
62374
96315
2108
84487
36743
15334
18495
43835
26466
16615
43690
58593
43591
32730
71327
14796
80069
29173
38127
16622
95233
92060
61199
28850
37908
74025
40005
34344
42402
94022
72016
37938
92176
14555
34198
28101
63629
63994
39453
74617
40644
4079
87876
57256
73808
47202
63853
52841
74252
89208
60038
90338
36042
33521
89767
75841
8169
37122
77571
292
28545
76227
28071
11161
62744
85421
20641
29975
71737
85738
18381
84044
64838
25153
49769
57322
51299
1388
17182
82673
71093
59169
75519
6216
20789
36781
30161
12787
28986
62998
21003
73684
63234
53330
17648
53608
91978
32235
93514
13053
51808
78478
82126
9474
37265
84469
12529
43121
50567
59084
29943
13125
32027
47317
23055
27871
24121
25724
666
93916
34509
74253
61899
81020
6290
59386
31466
51658
51658
54644
78265
18877
85652
14616
98938
35822
83986
48074
14985
17553
93125
33012
70631
1278
34233
4895
46023
20754
88367
71508
33148
79683
22700
46522
82978
23178
67107
80390
99932
40973
33439
69267
48870
75642
62101
45112
24988
34094
57894
56149
24201
47870
41763
54441
30908
95054
84870
27544
31943
21014
72992
50751
45920
84845
83821
21787
13873
82407
69700
12108
71587
98052
88372
12679
71151
5057
43734
73832
64216
75621
14030
12209
17190
92922
34275
67104
55219
57379
39135
23401
58338
80784
4822
64198
85744
73813
5831
26226
96286
73178
67611
12006
12636
11607
2996
71063
20150
25403
58580
48801
67647
80568
72464
15308
25214
56112
33939
15972
67232
3151
442
52610
7880
60945
47499
33578
7751
33043
19415
30405
22240
98342
10684
73654
97318
30982
13895
92656
1353
33225
8162
69070
20317
2652
60218
49162
23006
54801
22076
10699
67853
77335
84997
67553
81229
80631
74335
98819
68255
95329
68172
55853
58182
10102
2387
94292
43208
77473
29343
32133
93445
19228
70029
71211
19208
19299
80882
87422
45971
82345
60590
99861
46806
28157
61684
24908
39594
93619
87833
14406
83308
2785
25059
49753
93309
16633
12040
60179
47845
96333
36678
8015
69017
38371
42835
52903
68676
86665
53835
80249
49968
99991
12230
82230
53568
21509
1249
99807
1092
15577
81909
61581
1434
16588
82501
73627
89080
16198
26154
187
8602
92840
32139
42596
47335
76192
74705
96733
52913
88434
7826
17838
33152
78908
26640
82086
53793
60073
56051
32024
53681
39661
18226
74844
10851
18210
70563
65498
45742
24714
48525
94755
4320
53190
24023
10670
96140
98934
2020
64817
33870
74843
69113
37251
55173
594
50289
28449
32679
72732
32595
22249
27512
36575
21535
87199
82018
73345
8416
32021
25919
79616
87556
71351
39145
16699
4167
55528
88494
37413
14941
7848
90768
13200
57887
74008
33121
93786
15482
57677
26034
34707
97370
85222
45951
81148
49496
61777
39693
92034
15229
60774
18990
71922
79492
86151
65268
10536
63410
91584
94566
34575
66677
48091
35899
46690
71644
92666
94013
16836
61361
84706
29550
9808
59455
33120
87958
51681
17014
62170
28412
25393
68856
9791
81559
92625
12145
2697
8175
59517
83157
42217
54040
50530
2410
42856
93169
30673
7722
66013
45227
13999
10363
327
61198
24468
99750
82364
40263
95304
98010
41696
94266
55920
84684
91545
80916
9338
98347
21178
9226
23046
16976
36271
98201
70886
72297
28278
90187
66074
9344
15520
29319
52134
61219
29192
14489
88297
86360
55155
60725
79455
7169
20919
7131
3261
2444
60260
37439
1278
53271
51436
33680
54642
46025
98844
30781
65688
93611
38644
51150
65546
75460
70772
45069
38737
98517
57458
9838
40165
11421
35698
14826
86728
53028
18006
46576
60866
57307
16724
66717
86708
53706
50874
4214
3424
41317
24898
97246
12090
2842
60937
55345
78552
69397
90945
64165
71330
29873
96375
76879
34702
43252
88972
42616
56369
21885
12039
38314
53451
31066
5059
22728
6234
49777
32484
20587
67628
64594
25860
85852
63655
4465
70608
57739
51846
81684
28423
83018
70493
78060
20182
87438
46037
63812
50783
28722
4707
67143
84695
34108
16896
71544
34578
6084
78350
73403
1157
44306
32651
77826
25884
85834
47419
59813
94248
15310
18595
17903
76749
91364
70453
19520
58876
20627
98242
76686
57397
19473
26354
92214
1209
13008
81653
83048
54395
60783
28211
78798
31227
64921
73083
56269
31181
20024
6568
85413
4635
9458
54379
67232
58431
29857
1685
58935
44533
78461
71653
70900
41061
15514
28037
54014
32335
87627
91047
92437
61120
7269
19491
95961
13503
5493
67109
72973
9328
34430
25750
66497
72260
68463
95927
26003
8340
29052
86934
32447
16783
72224
79807
83673
67476
75445
88951
61127
26120
39399
22852
88586
52876
88872
74753
22811
43821
26776
7377
53067
10141
77487
7651
78268
81299
98694
93897
22263
15080
85497
32126
22215
42517
61162
38420
35216
87573
29252
55410
14755
41343
96350
77973
4764
87898
78409
65343
87802
15314
36582
76060
81050
24670
85051
26652
49144
68110
96245
59175
60280
24448
47922
63104
85491
95383
86398
93057
82876
40219
83512
44400
47422
62051
53590
32674
54215
20540
44874
30917
17739
31198
71791
8017
48276
4223
11612
77755
29541
10245
44800
6822
51440
98442
24438
51212
77163
74913
60636
30761
61272
42213
23156
72355
15009
74613
63700
51829
33182
56834
66154
98926
24199
73837
28093
30321
55946
69112
82459
18782
62031
94720
13076
59303
82068
46683
88644
1315
97237
4252
35501
36342
91868
62004
27894
60653
91587
87330
60352
54704
63102
41204
35089
62499
57833
38061
38298
20020
77550
59822
38358
22738
11752
61105
37854
87599
40974
31136
15252
79300
7893
41886
55025
36128
94073
89874
31501
24902
54500
17155
86540
72701
4763
69923
80055
46444
91479
69114
14210
78472
7646
66749
1601
99480
97362
59340
1843
4464
32399
61429
66539
29367
72323
42911
19520
84126
79721
9863
71467
18541
73909
85591
59761
79807
62903
89821
20691
42729
58445
25176
63494
27789
78222
38912
47724
13261
72804
8333
24908
17472
36205
18760
20736
82832
60777
38080
6029
28272
34520
27100
35477
25825
92386
14941
71700
31554
28827
82889
93094
36712
52631
8273
42586
46160
26321
35509
16588
89993
18811
35559
56534
42823
56772
74719
88608
720
18176
95162
2780
41857
78114
86435
75531
56940
66978
16755
86680
40354
29388
83452
84929
64539
77585
17705
20804
97433
18268
89684
11191
54847
29945
20830
34276
60747
8004
5310
10555
79191
47249
46414
79111
85054
816
19955
57884
69896
5606
82951
2267
18828
44071
86239
91031
60966
10192
44049
93263
40657
87896
95942
80520
37234
20048
10804
17214
58883
88422
11292
78349
90871
99341
38954
44089
33695
34947
96209
96326
65847
66505
85903
58447
44407
18701
40771
78310
52422
68367
67953
60696
73715
64656
17950
85665
69
71297
32061
81271
43853
85794
88591
52100
53749
21336
61944
82953
37890
81212
12083
33224
72951
40846
99383
15621
40298
75210
23400
30585
44945
15939
95432
46232
1226
84636
34751
43354
87612
11042
40183
28623
24120
23831
50815
30406
27074
33530
92262
34022
77883
25728
28446
72253
34484
6205
43117
21485
79144
98270
80637
28209
57702
20745
88438
82859
92266
22510
60630
1717
61659
15029
47066
76802
16142
95119
68704
26307
22979
92411
22119
76002
14397
48551
97397
17505
45393
57936
27031
29733
64731
70761
97525
54907
75002
49557
13133
71146
72942
44360
49298
92352
16046
49703
63784
41110
9544
34515
57552
77192
51958
89348
81082
36842
94896
62899
36871
38943
46603
69084
48598
166
21691
33488
84947
16375
76888
90003
76651
16168
40544
63847
83982
72128
50446
34906
72453
87454
69978
11900
6833
87459
48440
93142
71978
29140
12170
94526
37419
20887
40578
87809
35976
41551
66267
15617
38433
13772
25519
23619
40544
86828
62421
91703
90246
76116
74305
54294
42684
75067
66644
85593
73075
69009
2651
12367
57654
24079
16281
92035
72218
90462
6761
67451
40373
97917
53479
82866
85363
86992
68214
19763
36449
65428
17899
60829
96595
78075
14419
31702
46547
69224
76994
91501
76371
81025
98301
20253
30668
24376
3262
24555
37936
79456
61342
81106
96018
61976
6269
51809
8130
71564
89612
31961
11513
26457
9289
10422
72540
13830
37907
18405
46081
12197
19586
33672
85092
25747
40126
10281
38722
80050
25435
46740
99252
11431
31077
4656
62514
73536
70799
10947
65240
17492
92210
58751
24557
32750
19334
79717
36973
48694
83816
61917
58474
30542
49893
80898
1080
49113
65093
69469
82928
52711
93684
21117
57875
6246
12581
26061
2960
45459
85558
86240
3388
75622
98117
99476
98501
28553
75624
33811
8951
80871
12566
32640
5302
8260
19477
50955
5595
70634
8082
47310
21576
70415
10911
34098
50279
7321
87151
15241
45652
20498
9118
69836
35486
11451
30902
29623
95596
80611
16461
68359
77715
60185
87122
98463
37691
82111
46815
47490
67236
55045
26583
57872
7058
32155
43007
23307
2616
98966
64925
95424
88676
89385
64074
84669
60285
5833
97593
32805
50784
20862
65194
88276
39183
26840
60189
79684
41844
86335
66448
25329
41171
68799
45053
38820
56114
30630
61146
21650
37140
66838
94125
7440
14697
77342
78230
72618
41931
93415
27964
91837
96966
17636
53338
48906
6158
30429
75496
32816
50036
19224
73027
34446
92380
48857
73185
32260
27380
90210
75950
55748
36546
33969
42946
65073
50395
42519
98594
94146
12154
75118
97695
67712
74403
29498
87338
57304
54875
8317
79525
54488
37639
57918
24896
10470
86734
67325
62526
72914
54511
70453
84567
53548
52090
24257
69561
93386
50782
33334
44506
78174
97251
77947
74102
56431
9135
93006
5280
66832
22441
25739
88447
49421
56293
82254
72006
52103
4394
18735
21463
38805
5037
45464
97169
82171
90305
97413
79315
26471
7132
25204
27122
96046
34281
91855
35071
23072
53549
22647
65738
77539
21756
49105
22269
73803
54434
31073
89137
87709
74175
54610
31648
59928
29218
7831
69552
16467
50326
43987
41950
21279
93533
41098
65548
73671
69298
40781
32355
41518
55560
31356
66516
65125
57609
32402
69945
84322
7508
58063
22993
67100
3200
30933
96524
87515
33247
33143
34860
69878
95862
55192
88525
27375
62648
34633
714
15099
25567
22601
18194
20740
8775
79926
14864
93254
86836
96765
75152
9310
66140
41592
60879
68068
55853
33277
42018
40757
98173
57265
44487
73660
32697
75188
25279
17263
64103
2830
71883
71824
25945
21094
18111
59417
8645
36257
79109
94396
75425
10551
97424
15381
94698
78574
63089
76099
25098
31289
90430
86749
1114
9998
77315
85954
26704
15783
22185
69777
21494
42257
88998
82636
89602
29406
86342
91917
27329
21293
42100
33206
80603
82500
35374
80811
81388
10455
74978
29468
69967
90102
95234
64311
34609
67205
42087
45895
79833
33097
89214
40094
73164
40537
93227
43295
2805
41331
39235
76919
16169
24591
77913
32485
27490
27239
70395
71368
49821
12292
76205
66255
77322
71634
16202
90645
63997
93338
73713
16098
47672
30748
76672
757
95901
76132
87439
84877
15841
64667
45953
99766
85862
79146
83866
82046
77200
53758
94327
27336
82693
77464
89712
38973
66186
91373
38130
23182
38370
98367
4927
57280
98971
33809
71863
68969
79710
80822
59363
71761
24871
20466
77621
64165
57704
10643
83983
2119
32677
77194
70668
6972
35123
82846
7072
63735
38444
16047
4123
17408
29601
99244
49947
61078
14654
2305
5737
76184
51440
63470
7594
73728
49859
86450
75441
97223
26645
49594
16498
46866
33064
33052
68348
31463
79534
84117
42548
40060
7640
74474
45718
11495
54589
25522
45319
27583
61453
43808
6311
63910
50870
9487
82657
54550
94444
14816
79152
10116
40165
61488
26116
76012
1831
14343
65287
30785
9972
42847
82096
57011
6091
16031
3635
59173
20520
96709
10283
81115
64373
29094
33477
76254
20140
47555
22692
2433
53249
49780
60804
7468
4664
19301
36892
18231
88349
22394
83548
74195
93709
71749
34327
5561
15364
53994
74779
22264
89268
5839
92390
71104
59358
84284
17347
8099
97247
30928
43888
18032
977
13117
26739
92665
2523
68948
355
16982
88824
1534
88332
94301
68304
18557
43488
76702
87148
28686
88299
9943
10899
63046
68726
25182
50907
73503
24871
99688
89099
85552
80627
47174
21506
2692
15264
21463
90558
9352
540
38387
87668
814
24718
18551
98032
89430
36725
71004
67348
68554
4155
76921
94362
65219
807
68532
41399
32209
45481
6281
17902
69352
548
96713
24025
24606
7998
78479
27840
93192
30061
33276
75253
95286
9278
68804
44394
1675
43242
81645
21336
29121
31595
95577
80935
91274
73640
288
31406
32742
46485
46038
33373
91040
24733
24203
32071
15683
80152
61941
85180
98105
51348
5913
86317
66300
52598
40809
28463
63646
36194
49614
55507
16136
19074
47332
53882
74050
56249
88706
25343
92271
12110
73426
35207
34012
11931
68868
50706
44351
90956
49901
45642
34524
57962
25450
49111
62380
9943
30295
67352
33086
55728
42282
36147
35974
75793
88285
5518
17946
23405
19751
55196
99784
64447
65354
99897
11546
76171
47173
62037
59315
33550
55983
78445
1967
19129
68685
33430
16679
46838
25477
73658
92598
95933
37825
59580
28195
64917
47420
28936
85272
97970
11893
6328
73365
22794
57240
38881
91401
84913
36495
78052
91334
7884
91529
77052
39549
97127
24362
26418
53415
5112
56375
56136
43648
83809
92597
63713
72882
14083
53387
86173
24814
44054
53787
63136
58654
76585
91194
41545
90792
29486
44812
38303
59065
6995
26200
97784
50956
42175
49883
49170
58471
95218
82287
78594
94114
22475
59879
29138
94877
44525
7779
3331
46215
6002
13699
84619
18092
82679
85159
91901
71676
85933
96839
10208
7903
33040
38006
81866
8630
25554
63089
96006
17533
32057
57543
7548
97367
27590
96578
24049
27164
31026
36989
45261
20948
10486
49738
72654
24731
65486
79253
1754
6713
71453
13331
39452
38616
79717
68857
14248
73344
1555
64374
39307
98296
90397
36820
30675
70040
37591
68585
67677
54654
23958
69422
22160
81373
78672
90376
25742
37718
33457
95439
95920
29788
16563
16454
14679
30728
44653
73614
85481
94208
79865
24800
99738
58144
22029
25176
34344
52849
64554
28078
19285
75359
3152
35628
7044
29613
8138
54127
28590
4556
48282
67541
18730
20804
4846
51873
25867
77929
87385
87011
61363
77366
77864
36292
27087
86220
5582
38128
93453
31538
13248
6880
8996
90720
22117
16821
57665
15202
22556
22407
11193
64767
22959
89659
70291
8251
21470
68651
54418
61090
20890
77332
21684
10389
62951
65766
10913
17310
83507
45082
20227
71896
87046
60098
81781
41767
39890
17822
56807
80689
58862
79836
8996
86671
27755
67124
67028
74251
26879
30903
73077
76516
42854
37224
67838
99632
13012
309
52828
51043
36404
90399
291
29657
90876
28917
69616
3161
66330
80170
28285
4352
19778
21742
98936
54786
58527
70033
5930
71355
30965
16903
98481
17575
7537
193
48289
47544
36539
35224
75506
73215
1977
13975
8667
6349
33550
60539
29231
27690
50419
92595
95971
58554
78978
22328
92190
72926
12335
9526
25583
46001
57319
51180
64325
73659
11401
61865
87975
78419
23313
54731
5198
2375
63663
53636
96301
4046
63390
5296
6819
90811
43462
54095
20454
81654
13144
23263
42669
44530
33571
53722
87015
81114
51213
30356
33577
21304
68099
32803
74857
46187
76209
79368
75061
81160
50609
67732
28010
69635
79547
43837
81378
44216
72689
99523
56021
25970
75183
83845
89931
54952
10275
87113
9498
71120
88702
44150
92018
45724
49354
23476
78072
71538
78295
71780
40158
27835
50352
91270
71870
81174
18993
21053
33376
92861
4916
16721
86368
97130
97659
82203
1330
19404
61163
31580
4925
77806
41839
3377
77940
90788
35010
75538
43605
79307
63544
42643
42075
34406
58615
73842
67780
71221
31961
74752
24862
87760
12336
81770
37404
26308
83275
18901
78294
9454
49528
69081
29030
70246
37180
89808
27931
78631
76689
69575
63913
73466
41593
57610
991
43575
21251
15028
74032
41526
68607
82943
36640
13586
40998
89724
18633
65565
18812
71351
13879
43623
59778
27305
5739
73595
98229
54600
39068
66471
13021
72366
36151
58364
49934
84190
60187
37199
17130
84845
80181
53075
83073
77584
32974
7466
82781
71510
12976
88591
99924
83019
15795
21795
22090
59974
25174
45943
22801
43404
83034
94958
52864
4614
55056
59986
97870
54755
50516
44750
76621
72909
12518
17115
15518
24889
85691
77218
67565
30794
60466
48610
83939
78302
7211
861
21824
76067
40953
36769
75809
5496
45872
43672
6554
72588
80721
38934
53691
89471
20111
20236
20550
93814
63352
23746
17193
96819
61919
5148
88382
87040
20415
83436
80262
5130
75385
49151
66402
45050
12754
20914
1542
57989
17871
75678
18757
81787
26679
44453
73048
35737
21029
18462
41856
1464
47352
62633
80752
97918
10337
21158
8153
29765
80176
58046
33279
18587
5345
85666
2244
3385
95909
94483
35577
88393
24718
90132
33517
16528
96641
20945
97050
78329
6065
65710
67869
11440
62370
24035
14799
9150
59560
60497
11144
51100
35074
30476
38135
84412
46436
5477
74121
69145
67323
94430
12687
67557
31395
81165
14212
16554
34369
2592
75494
91824
71442
41444
94503
13693
34533
30223
56716
64073
64473
85591
80868
82823
33297
51932
49747
6024
79016
92835
87953
76765
20651
10550
41999
85956
45799
66443
37019
57571
13150
73853
75605
8972
87898
32354
57708
32052
48549
57870
84266
65935
77095
88000
82214
34580
20049
40581
20726
4157
57504
24497
80300
43691
10132
56463
9048
57756
3425
23640
42993
96382
31893
89945
74482
58127
44242
30063
66017
15172
86131
2979
80708
19126
73876
73050
30575
9194
59461
1280
62901
80362
19862
45388
22563
37875
57913
84559
85123
34648
56441
45675
11074
16024
31340
6565
91297
84965
4041
92542
50310
79357
62854
30117
80785
675
54692
65111
36607
97002
47987
83289
46135
10336
88408
26792
51213
34005
46537
70857
10922
96947
95310
30172
49
13983
84332
89178
88945
75792
36749
80852
37784
27219
52979
26015
80500
3418
7116
63083
90695
93808
83004
27806
71300
78813
81415
82215
66660
13043
13118
88775
26512
34000
21083
7760
53601
40393
5967
59976
6687
92860
83999
89747
64578
69021
66514
92994
37024
69765
54543
55820
66447
50932
4037
10860
8286
82621
13963
39208
72933
65263
34802
50134
24350
34141
58000
54032
87398
27998
26662
83900
98358
68056
32529
22164
83202
67390
54330
84209
70045
56747
76108
50365
41025
87903
15437
35828
37863
71506
72438
55597
88260
21825
6489
4243
56379
70525
83444
56466
14353
53619
52990
71085
64575
14953
58932
77454
3054
15125
59395
32477
26625
70368
47317
20052
38385
57027
12698
77050
47293
38624
43362
72678
43925
9088
92286
62825
35166
27740
33020
14851
51592
2893
44362
43976
37416
39451
11455
63928
17359
55486
42236
39426
59746
56497
87444
34128
93151
98018
33218
87663
72555
42499
15538
26095
63693
98060
88561
2447
37050
54507
78074
38803
5775
49397
20811
40037
67221
6648
14179
23069
40155
68915
47703
79436
20796
94720
45897
89779
77721
34993
15151
14093
54490
18059
68274
78437
60790
87854
34060
12456
35087
72595
94758
6482
39781
37700
38772
99379
44803
28183
91004
28416
61397
64067
10037
55078
23612
44486
13816
98076
65998
85234
47941
85129
92138
90804
67970
57014
98441
21119
25955
87338
75717
82492
31579
17829
43342
84974
40666
58637
67998
17765
31904
26979
84319
83253
82782
43821
53097
37919
27058
10738
21242
45865
70693
4677
47695
49410
69875
65392
73015
47388
35742
59552
36617
913
2004
95020
75619
89218
14464
87065
13183
27494
62980
46292
23473
7184
41820
83248
85198
34005
28186
62019
339
92110
62747
7348
8761
52819
22066
47742
95259
3202
36368
68901
81195
14987
30011
91530
40241
78123
4491
21741
62997
72752
67102
19971
140
89572
21121
77207
68404
85981
50803
33188
63786
62713
23469
8264
14296
76013
47162
46852
98329
38363
19593
97965
8776
54718
70913
71117
37221
76491
71207
19434
24943
19224
12135
83196
14311
59495
1682
56127
42075
6741
53031
74973
38189
68456
15624
17692
16454
61581
53795
43994
52260
9504
24685
35550
13965
12362
2193
12562
40997
23980
99433
94356
25997
48460
36974
42115
42370
40645
87298
37480
44885
32272
78846
25904
24352
86162
23719
43443
99262
2865
21868
21441
937
83330
73303
89266
26438
51949
7008
91831
2086
6688
36038
55023
35859
83793
19973
18913
9483
76613
35648
82506
339
41227
39044
48649
81448
93047
94657
34084
46146
89082
12929
81042
82417
49961
55061
21718
43944
38760
34418
69521
20835
18735
17205
68693
9436
57303
12671
37919
62168
586
99486
4245
59411
32606
17070
83630
53424
88898
79352
27379
30196
72532
22785
80509
79601
48222
49432
21803
6334
23806
75055
13594
60352
79634
12824
55412
93151
37828
76128
64981
61256
30562
94156
64293
57106
11357
72333
46015
91278
97823
316
35256
68705
18345
29642
30973
26346
73931
87180
98180
27200
44862
42980
11459
87555
57224
46474
47633
40056
44394
94860
80829
81022
14833
24954
10089
18429
92033
868
9951
14000
4245
66317
45693
74150
61207
46728
25991
5887
609
72223
48886
61086
3029
61269
72643
76601
8988
59008
8055
66268
80673
55858
9647
36036
67598
96388
67558
9151
14062
6173
33541
77864
57725
16726
38087
20350
44648
21335
33772
15780
50604
55799
95183
97805
19878
2700
14336
70995
52013
60596
76061
41724
20152
8023
35061
80603
96235
57990
11785
68946
1963
33262
29853
46618
50509
24220
56398
39515
37650
39793
37557
81270
20588
61184
57242
7058
76361
44346
78362
45172
7577
31052
7769
80212
53025
1103
33887
42431
66139
2057
42054
27416
68161
86197
9146
91280
8898
49537
89489
70709
94222
75275
66055
69669
10089
28203
68242
58937
90639
68392
69685
46055
24930
25786
30173
86379
83389
1326
21803
78913
7607
92277
81668
89452
24887
1008
96075
52984
35039
87657
46724
11349
18582
49101
60730
29183
31299
51317
30363
61611
4703
97394
12767
39434
69576
87760
95677
54949
82567
79988
38148
63355
13243
26417
60820
324
92881
9986
65835
16807
26142
4374
79851
63589
2799
34744
90280
90127
47645
21692
34269
3897
71875
47090
18669
26628
41189
98242
63118
10774
66620
5030
12998
91474
18063
32671
52437
35628
15121
89771
40988
92461
25496
74048
47194
32120
90559
75154
11283
90844
97091
94671
22693
6813
248
10538
55572
81276
46405
42
84040
14578
5929
55055
20983
97782
72509
79929
77472
19484
15659
3764
10819
11808
69602
75178
81743
6438
13672
87606
48263
16442
32429
47220
28206
40020
22354
95684
12530
66871
85511
26819
616
43902
5758
41563
54214
186
39067
68596
27994
7559
52022
35701
24938
24496
67850
7782
55666
83353
20506
46230
52879
10050
53406
81839
29875
9849
24533
29502
81085
51571
5795
60008
6536
28021
23329
91424
18688
92873
55496
80076
84411
84587
37684
52786
91554
51000
14281
89457
42116
80886
70172
6895
8761
68250
97365
52319
81382
47573
50590
73034
99400
19905
18340
29173
38029
21194
51049
60943
81013
65776
82973
98377
59107
34892
41925
24800
96219
17094
88861
94775
62335
8598
70987
71858
33359
70072
54205
75440
91284
2439
57821
59855
31375
45390
90345
11946
73369
95816
96349
48042
69065
75871
18848
67187
65122
88843
6525
44985
35733
49003
81580
53543
35368
75429
66120
81078
16529
44496
15954
43897
47364
22121
43289
72197
58933
71950
96448
70901
99433
35403
6303
39117
6657
51083
7532
91973
80463
28542
29146
18936
38861
9564
62735
85613
50318
42431
70587
9511
23251
10795
51522
49216
65394
33723
96193
15541
21308
44657
2674
60789
92483
68511
78371
14514
39455
756
80930
35314
8776
27421
74788
69381
31864
89161
94443
15430
85964
76998
85892
93491
30414
75087
7222
76558
66387
52639
20709
8490
64714
1736
63323
83462
19625
41108
24416
55677
728
80615
75190
82756
8950
73275
78874
81379
19462
40374
90936
88945
38037
75143
78725
70848
25903
98191
42893
20376
66999
23558
56623
43178
64777
51206
79751
64396
98791
50373
86105
92055
37132
93451
68321
57089
54274
68030
65621
50938
14367
20272
96983
53505
71856
15121
14690
26904
89797
62592
25571
44014
57649
31637
24930
16259
49004
49759
45984
70210
98420
71080
96377
14227
36588
14926
74734
26109
72875
28168
62968
71322
92464
14848
14469
49385
15585
33912
6811
28946
20547
22566
59485
66543
9220
12070
65282
477
68040
96033
14988
23947
70411
83270
69626
63917
54568
52085
46663
29635
80377
92788
38443
49026
38943
53542
38353
81805
35749
70096
94009
46195
35571
5261
32453
35283
49344
20248
8535
86352
6442
87354
1373
62027
86741
49387
96458
9539
84256
82171
29831
41528
73765
86786
79600
62766
85533
70480
84996
5435
15251
68993
13291
70373
69113
15280
29467
74422
58413
18784
27107
63906
72609
82303
18266
25514
98802
12668
92293
21708
89090
30186
3653
5500
43878
11107
97143
92373
58708
55557
20982
63883
73109
74852
5573
9802
42978
75419
61084
67888
3286
7211
67995
53213
21460
76148
83220
15161
43954
39762
76389
52689
58856
79859
80229
98668
67046
85468
70551
10270
49871
3639
58562
23531
91795
59672
66564
45406
81376
94274
91886
10368
17105
81525
98572
27583
50319
34982
32145
28151
26895
13081
27169
68574
93234
53983
27801
43549
51199
45276
78137
71573
93524
89110
72181
51059
53640
84068
58266
32192
67602
25010
36168
44175
59475
80304
92830
76892
30423
40005
25051
65533
92017
72647
81949
86111
86967
8631
83072
30852
61502
23160
46397
91721
64360
99483
25534
13235
52346
27674
26684
59283
59562
3636
10219
91639
46891
14160
91396
69883
83756
19155
1191
1515
59969
49732
68403
93755
83834
67147
36763
46835
27945
70325
88439
76913
72750
64364
35979
9532
3021
80154
30275
40442
94313
80898
28842
47807
93202
84292
59546
26419
98206
81033
93272
97647
57418
64979
25942
12082
58990
9387
21176
67583
12656
81333
94581
6923
75874
21026
74507
18367
87925
54187
48599
31361
31021
11393
22127
33355
31456
58801
1222
99655
45167
49287
28373
58728
95924
58240
14633
7223
34921
58329
17587
7913
73029
69172
79354
70868
99713
29441
52481
93372
41480
93917
74406
78486
29174
81368
87024
60767
93899
74699
87674
27105
36482
15883
78485
55854
30392
70503
58015
59048
95010
11854
13552
24095
42935
80785
57641
66828
10789
10083
31024
6250
33199
54388
13595
22642
10244
22682
98231
56040
51337
94337
88331
34338
17331
34067
28754
72842
32845
46488
48143
95201
21953
95856
6381
53688
69119
78325
41352
13966
25716
28046
99704
28583
38192
19365
69657
20840
99021
18297
7783
27558
35222
34865
87474
52409
60068
40092
22504
13471
62184
43605
58013
10784
62875
35793
39044
11996
78216
3634
4390
79780
43242
99813
26140
88698
98568
55810
22136
20385
97857
83039
14079
81302
3230
46518
91766
65013
18579
1450
51065
97369
23309
98235
7529
74549
93316
64955
59475
21437
31297
49073
65515
11823
53953
96486
34886
79971
32579
5412
35867
22745
43974
75691
56831
3061
3746
46611
53383
96990
21423
6372
50065
84574
65158
64281
7973
52110
52018
39993
24207
66268
81217
22322
62074
54089
87552
62744
6445
71069
72207
16936
23059
6308
67953
12497
17240
76746
29704
10197
85335
45188
16832
68840
53451
50721
26917
60183
88103
34263
8018
89638
52510
29127
16041
59583
54288
63853
10393
3881
21026
23856
9909
89264
76418
55240
89752
72661
61469
46596
33069
22568
6152
35077
17982
92621
5493
84425
45371
17225
91742
2091
98488
59274
22708
99566
82659
88525
61635
35126
4001
51876
81511
50723
32442
77342
94148
91570
8262
44093
80567
65564
30706
67738
12179
44729
56535
35120
21202
96975
5004
37772
22061
43705
30515
2462
36922
40666
53549
68109
91697
54548
82246
30363
85698
2593
43510
66815
97268
77307
20131
98716
36291
59586
48594
6019
85983
68666
67831
63233
93714
11360
92286
38387
74460
69837
94187
37077
30807
10336
87650
10418
92871
77477
46097
77399
39002
51126
1699
85547
88084
65401
77641
84081
17007
90889
3155
2442
90801
82477
23713
69849
5476
19374
84378
74281
81665
49970
95042
49616
69869
30654
22053
30393
46711
61155
88686
81685
31629
64436
69944
98093
87700
89859
82473
37282
82931
73033
29226
6976
79611
65165
40474
74808
72089
67624
75446
26665
85629
25833
87751
42154
81619
4393
45975
56376
84760
61294
96582
87672
24169
81626
89324
89776
89628
6065
8240
39288
88551
60507
45506
62143
83239
5451
80765
36398
7117
53152
743
32323
47251
74575
94027
30740
37942
71890
98260
77600
36317
87980
73572
95376
13361
83596
6567
92100
77842
52338
30996
92383
41530
77128
17559
66569
10277
75046
12193
98086
81308
46669
59728
37842
7618
10171
33707
67891
1374
53896
97462
18742
90728
61038
37565
51403
18310
88327
71162
45598
15935
25875
29167
47401
22340
97097
93683
36347
20655
98693
25258
42779
32518
69182
77608
3619
54423
68712
16177
13140
9474
94025
24953
91484
74058
75697
6020
33492
25711
5488
45178
95776
17879
28328
83960
8308
18567
7307
83829
51655
40896
93037
11554
15965
65228
74828
31296
87109
69993
91559
31877
93831
21212
53158
22515
91661
49465
66797
2630
76518
95840
5444
69956
71781
94376
75240
11626
60145
72785
96453
7864
45038
81566
75408
31340
76201
83708
40458
97861
16052
98214
53630
64640
5792
38900
11249
45675
10029
35638
52107
6864
42339
79095
90045
95237
56154
85870
46421
28834
5077
42343
11958
79569
24266
86573
57572
71545
25399
69805
76198
82568
86535
43878
15995
81489
33111
88924
62457
64933
18225
50199
62095
40669
66383
32797
63476
90725
65254
60261
48332
38679
61655
37794
56213
73935
93102
22339
81386
4150
61790
84864
23055
23846
15275
36797
42570
10502
79405
56082
23977
98351
96883
52961
9738
54239
95830
76313
83444
51928
45238
88060
96288
29913
70605
39519
58111
42281
53368
43637
69225
84722
81037
70965
12117
25440
72261
52630
41160
15985
86407
49080
54213
40336
62687
61236
77037
9306
20403
87168
95910
725
26437
71497
3056
48946
87226
13913
2884
60537
6910
11219
75167
25441
86339
78466
61150
6320
40019
49646
19742
66336
94566
77046
8668
89319
27607
73783
61991
94443
23898
99924
31604
47484
4818
36011
77794
41934
59117
2855
73770
36629
94563
56139
73370
52091
35265
6664
84782
65623
1776
99132
7069
59846
40068
71494
5493
59999
30612
6241
5388
60178
36121
78182
97133
11902
3020
51098
13319
33108
52353
4005
46922
68878
57654
55564
66356
31024
48842
84507
38454
30078
22810
51627
62109
48312
46807
55232
37336
32909
29410
97448
76965
80442
85186
70789
61611
54786
2141
21594
24423
45234
44864
59452
87995
3891
38635
27442
89756
87507
53581
66517
28999
69530
44358
22108
26830
80812
56073
5645
43988
19028
15010
11771
40854
37105
7008
92635
6816
29767
89858
5460
928
27309
55653
18525
70690
7641
88923
66824
85734
24731
36559
47863
80090
36932
14391
26980
79506
9491
46166
66029
38856
31766
92212
32607
38531
28377
59042
14116
14594
98024
29266
53522
32056
4228
60015
8490
31458
89786
29922
66344
35980
46307
4273
66785
8015
97205
53013
92604
94858
45827
55065
24947
26597
12142
18921
23332
45719
31202
89821
42431
11095
52587
82219
49308
98321
95557
96062
42637
43042
9305
56651
76647
73999
79348
93342
21468
95310
11243
84838
93842
31445
11275
92868
75034
42569
72679
2627
13574
23373
68408
81220
90567
28799
40573
87394
34384
8546
76675
79928
85000
59062
80018
2289
54570
25422
94372
32922
70854
18292
19157
49271
5376
72633
53665
14737
43732
53957
34693
77260
77962
35522
66714
7074
9878
41814
3445
192
39688
82485
59063
54242
89980
10137
56220
79561
29146
19447
20057
85052
12779
87712
97526
96753
67075
9517
4427
41230
98617
38287
48847
86547
86268
69465
91457
18894
93751
99098
18804
66552
13843
52614
51201
51317
73632
81398
61313
82220
60490
2024
55281
98097
84422
67289
87308
64324
34537
69416
51901
77517
92173
28502
79665
45518
267
31480
75873
19058
10273
23753
238
30906
57296
18009
26447
16933
64676
19442
6363
95038
24710
56026
76771
75880
26839
51291
89757
82697
18730
26762
48534
27454
33743
56145
83036
43901
8360
80758
2643
27140
47644
83576
99904
20233
76719
2665
93626
89723
57335
86290
58616
53382
22659
13974
76584
97993
65358
15313
91395
21507
37343
14532
66218
24615
87741
50038
36709
44079
86282
79680
93813
56672
75798
65489
88988
61504
9451
6917
16223
90865
82155
69007
40978
71048
42461
89052
6340
73795
10187
30263
93806
41637
57951
58993
64792
65310
32025
36013
80181
89626
93463
85469
26296
23662
51397
72659
19287
53045
42473
62028
31802
90748
78716
1021
40418
97049
67249
13976
94314
27619
78630
44711
576
70608
39383
22432
99018
26572
73103
31918
99596
55502
65580
16247
71721
44817
20086
84294
41995
80169
94047
85975
95318
39787
30985
5411
99100
97959
42268
56282
53891
70487
16393
82862
7859
33708
84410
47809
36977
84031
53707
9513
86043
78646
21379
2259
27590
53160
89852
99439
59126
25604
5930
26081
21243
49079
22566
35190
84343
42599
33634
86216
55454
79392
38966
47940
67026
35109
21129
27875
81866
63586
52054
37415
61295
70142
98419
30095
21967
92206
15628
25799
26793
99722
7082
36194
14661
90403
57633
81116
62276
42907
75568
90171
89403
45453
17370
98769
76586
12911
54463
27889
27849
93592
79485
72407
83470
80375
12784
84933
97192
5425
27698
35678
90865
14356
75074
66572
87113
69709
44431
99095
64443
32656
68831
73188
33811
3804
95764
79633
78060
85850
33182
50143
70024
49710
99671
25284
49266
65554
19290
58199
45075
70654
83475
13351
4630
19528
64856
76564
64991
55555
59956
68299
38667
72348
73973
27586
78332
93330
8667
86708
79903
38457
18562
96870
10840
58271
17459
87063
8110
47890
12897
98183
69399
79898
26547
69119
58355
52860
64758
96677
44601
31389
79217
92141
74136
54917
51310
7862
46966
61306
41223
41133
79880
1792
96940
16920
45337
7516
35501
73720
58322
7206
62525
83293
64465
36916
31143
26309
50187
30418
86065
74248
37468
9534
79436
64257
19978
30238
21427
16289
38361
26906
50747
96349
21318
20544
22855
57876
61163
21308
30062
40188
1876
33894
96904
52915
48526
89473
93870
4969
43982
87907
3560
20614
98715
76182
17576
54857
87479
72291
36745
52459
53213
56710
81584
52676
31974
46579
84349
61213
10046
50159
55852
64880
47191
44164
35512
85753
66886
13401
68482
14713
42837
48062
50613
46754
50741
83335
37904
86084
7239
19942
76672
33952
84632
1600
11372
76559
66871
74480
99241
12155
97990
21429
26695
47078
49024
58943
82891
99661
97885
22003
81348
64984
94604
30196
47615
81214
94061
51043
44686
81230
37363
94354
42879
72016
68900
14751
93524
8703
91998
84539
22994
85842
26598
37225
41342
44039
13146
64118
636
84200
48257
34560
1154
45186
16649
20829
41110
67699
31959
63366
83486
44244
90859
79974
41776
73907
60605
5334
16165
34905
7425
5462
53897
11974
33599
43784
3375
77344
46807
88506
19551
64072
35782
81955
26035
62200
88161
33567
95113
94287
38307
56228
75957
44907
3008
52850
6040
66268
32189
73531
63696
22960
33574
73369
97584
24229
32237
15648
35348
45509
10589
59992
83257
49430
45594
25002
38381
47373
48614
53598
15699
99634
39166
40060
9383
92850
12698
81150
77525
41262
10624
30760
39848
73462
6024
93243
56297
86826
64284
58272
6387
71197
56439
44842
53130
73132
56044
95720
29671
11420
99372
54871
23824
10341
11978
14680
1887
10927
82694
25622
33709
30807
10281
74449
97800
27631
38026
11243
89971
94934
99898
37074
89126
44897
84629
91802
83955
38515
99804
19605
93018
10095
64601
77583
92777
79025
83414
67783
14347
52285
73386
35304
1486
77988
7096
44360
86596
28824
76737
68428
91671
38581
68633
11482
57063
75743
18861
8988
51873
73444
65797
74840
74212
50881
72683
27958
49599
74616
46776
20943
20586
47387
45007
79788
58021
31846
25762
79936
5542
46285
24052
309
77722
88383
47209
7412
63235
40016
25948
90321
94156
80031
76092
66105
54206
80140
57866
27872
78730
10951
56058
9550
16356
42854
403
82499
88536
75166
2494
25013
2786
25623
12045
4576
98414
87140
88992
86072
13746
38009
31807
86783
28729
78460
25699
54896
20626
79993
27965
99476
12916
99470
48283
78037
56549
15632
4291
81573
73645
55273
24245
91972
59799
34909
58229
35775
90367
67135
99694
5075
70370
34450
13137
6479
45482
33531
13607
44947
24629
47553
42391
89800
71993
4917
95264
58671
78732
39348
2336
41005
5455
55620
49456
38440
51583
99348
72009
9114
17455
6339
71857
5781
72815
16222
91108
66816
68782
53033
97864
1539
90832
31578
35595
80260
62337
7726
87772
65742
6021
12055
3177
75703
29675
52635
77977
15571
86456
71189
42123
19598
9231
70949
1176
42638
52633
43520
8510
33568
22328
99912
61062
82103
80513
82888
26665
29620
90186
97572
3741
78635
63343
23349
75638
16091
4569
6194
63546
36055
68711
48766
20964
60747
96748
81258
47219
58995
32623
40115
41497
50189
88082
68630
38430
75210
14098
24048
83769
55962
24840
62989
72729
19129
59513
53407
39863
61537
79319
63981
76267
70312
64632
54114
67869
72134
86509
65073
54255
50825
52275
5247
26881
80991
60123
86810
74557
75720
93511
67642
61298
1155
77079
93477
36492
54017
70107
86841
92643
1024
95212
64451
55380
5430
62986
63319
58573
93675
56245
4513
69485
87863
88683
99318
61505
46155
82037
6464
57993
62148
63687
74112
85700
71891
12468
31185
25690
60378
57515
63069
16748
56589
30525
98312
58298
19934
27305
66002
90202
14713
43096
57237
79776
74680
25180
66699
5878
16673
69807
83015
41525
74063
96443
73085
35814
10078
34881
71187
84985
20843
63539
65815
38418
58051
67559
93458
34007
81641
88528
52873
89885
20909
91791
42967
34620
27697
34928
9145
11971
42648
88165
74035
32294
71090
12306
19155
30118
99439
29093
96112
95626
24282
61250
75030
24040
50076
38672
25652
32189
81970
46923
21363
57138
28470
90434
56922
48207
59238
33725
35712
77782
81028
46396
1511
58691
59573
81950
29958
89333
68925
55318
58188
49410
73953
12657
51408
29629
3932
20705
15732
11349
14569
91019
46261
96956
25918
62950
30455
14631
2852
6327
64812
24554
70582
46482
66842
10031
41860
50791
95550
30823
98937
99779
46236
91948
5580
16432
99770
21237
73818
82182
9792
67665
18160
59355
22532
82243
63844
30196
70381
38701
52987
11354
83428
23955
12480
60611
93929
58172
53045
32605
31832
96132
53512
73002
32081
41896
70077
66004
18229
6707
93411
48639
62309
24028
84697
56437
99101
54429
26867
64075
513
84375
98742
48095
76901
31969
51759
4239
95726
7051
85400
18738
2052
92358
11362
15468
34394
91554
86558
65548
71731
97537
83168
49838
88409
94759
14230
2246
3451
19047
78597
96431
82286
37138
25158
93786
23468
8055
60861
60758
44756
15799
78072
55176
77807
99632
65202
63389
60657
38586
12370
73586
91544
82878
79008
99936
42752
98418
28234
22557
24221
7072
64184
75452
13467
29030
63677
36379
55997
15591
15179
66748
13603
22919
83383
33963
66338
67839
90598
81177
62322
68318
68210
26955
74560
61700
61577
34877
90294
99241
54442
26780
40992
59853
47775
65338
36867
71676
24652
68084
43242
66612
72469
34953
40137
63855
55568
2990
13828
32568
89825
39360
30973
33
60763
71658
39593
59009
742
83340
15472
39572
94600
35190
53896
62600
27235
36175
40587
87976
71789
46604
35264
79326
83323
76754
65128
75502
60423
80201
65732
70058
12332
28153
3012
28234
49973
38398
34810
79515
40804
7380
13368
14495
79893
34770
19232
29822
45801
40774
50457
49672
79390
24484
82354
35699
50643
79977
31374
58786
35684
3157
3761
33499
6732
17193
32807
83200
32885
24125
43321
50344
66719
75719
47800
55134
95632
75663
96081
13082
38427
68478
67962
34778
70839
31829
74836
15033
69411
62376
17241
48346
61960
91062
13319
47030
53700
17597
82446
91880
92058
78134
64553
83216
86167
96205
26354
90008
85350
46620
98990
71200
76167
16562
46504
77688
57321
44088
47560
22858
28590
328
45308
56927
29577
54308
25563
8526
48010
44964
48978
72900
68781
96031
65009
50125
7870
75092
68840
84755
18778
81208
97683
64337
5851
10296
8255
98271
61987
75323
2407
21971
31317
65671
28272
39141
96580
86593
35282
20881
58489
39697
93724
88466
33394
71283
7542
80210
57326
69892
6179
58887
46717
48077
93280
61022
42380
39812
30125
67471
34344
30102
87480
93311
30489
70291
75775
27935
66953
28297
29154
54394
78094
13315
28
83882
91520
9952
11448
87825
86084
44055
67152
54297
95387
51547
37846
90272
73302
8016
17968
4753
72362
24293
53178
73640
89502
6951
89239
81570
7557
1808
59154
40479
65836
49109
17569
29113
94808
86899
53002
27302
84090
58584
9359
46083
61150
8293
54928
79073
78324
69736
56826
44014
17021
43187
89958
92013
81205
5179
83143
78256
27689
63411
99008
42904
8271
19269
42959
93424
50167
39891
24976
12812
98423
9625
38296
14888
71129
68598
50296
976
1127
88496
67175
99315
34138
29696
28969
21087
5267
37173
79847
49080
3994
89196
66993
95081
66928
31574
56909
90590
75850
4685
86393
41497
78471
28292
75715
33708
80158
33462
46462
77391
37479
39706
91902
50383
76411
712
7325
99205
85276
77639
34008
85907
47464
45612
90228
25273
75047
80439
63620
96985
52252
71821
99122
92855
31748
95935
93199
35746
44446
83691
18109
88521
11678
17333
58750
45269
78440
23011
4332
84111
48407
71293
83127
33820
25433
36323
91717
66889
98795
26155
65023
66195
7176
13252
19897
43946
1117
11725
75591
51399
44675
53258
33443
67577
59620
90264
2121
21071
65851
70040
23480
23430
94587
97888
55425
18704
55108
100000
41014
12950
92207
48806
24933
95186
49917
15518
65889
92184
28453
84853
28644
63038
25046
80523
59588
20102
31931
49803
87224
2473
25792
57235
91887
87381
6768
82274
93946
79318
31892
67585
74197
39789
23555
13526
76654
36693
66508
38311
94698
5850
9976
86410
43037
42881
11915
44839
18342
41000
99436
90767
98534
98178
81643
63245
50650
8227
86337
77895
36698
62224
61060
27915
35871
38820
62830
52278
27798
36373
92290
26675
94825
86262
71774
79094
59841
78020
53088
67882
94321
23285
68129
82502
70211
38403
15797
1296
60651
13843
37958
8848
94800
66964
64283
92530
25515
42724
71379
78979
98163
71242
44348
52961
61882
53068
41966
75711
1406
66103
83870
57300
57432
21039
52411
44133
28375
59970
79364
2606
13387
2087
54208
76100
1576
62403
13439
12891
52292
23761
83906
26143
27199
77598
41441
67114
61418
98619
35581
2741
47677
36215
62343
42289
52603
15397
65179
53018
6221
83053
55453
19815
85115
72832
83150
5126
31954
38575
19736
92452
91130
57185
99483
74091
88281
1005
99920
641
67272
99763
86410
30604
50559
51754
93913
42313
52218
55553
1287
74164
1865
79898
36555
58570
26588
25814
48407
70267
43196
14698
46722
2577
2427
9346
51347
62456
66158
35180
39110
98302
5928
48727
22598
38962
1460
31878
63210
25208
93454
15727
22228
21582
62121
53637
46737
9616
44995
95706
95855
7052
49498
69091
60829
73101
29248
95833
25009
99505
46835
37626
44956
33264
40877
82940
18224
85333
10325
82147
63441
39030
72737
40413
23820
20701
94862
72649
39079
31651
91067
78080
49517
92567
9241
4852
93433
82101
86186
12238
65421
76139
96165
89879
85354
10560
28988
99222
92668
96041
99532
95665
32672
23916
80104
1981
11881
76529
33916
50119
63126
87919
20195
32733
64727
28313
54795
11469
67614
98771
81115
82191
95819
95386
9257
86870
63145
87582
91731
93738
30505
49137
21961
42003
89661
28638
72323
72314
59585
57203
57878
18811
80947
22016
35343
20787
87479
46876
65804
93664
67141
25198
81669
22564
91613
51521
35293
50237
99078
2409
33842
54511
50502
85728
48147
70057
53489
71593
37608
83450
58252
29280
77024
66674
76031
86751
37878
12035
8841
60646
29502
13771
12645
44166
36143
30882
75601
40556
76024
91058
69456
25970
62761
61938
32852
9491
63800
31453
85597
43591
7751
91050
30636
78756
76445
60728
71207
20120
10219
42095
10451
71915
18705
15254
55748
58146
23997
88515
53569
21135
11497
48618
6147
79270
98588
28140
82414
50372
79844
90273
79338
35821
26382
67602
38918
6164
86358
16005
92682
74504
29781
66468
61194
70226
36751
70738
92415
45352
63218
65333
51322
90423
45558
40169
82639
54158
51290
37564
77845
87250
23824
58715
89370
60185
77154
17608
93232
98579
7562
95546
90874
74807
8030
83728
19671
36349
4529
2662
55070
10504
70205
72482
2783
57078
57954
37950
74656
94450
19687
44168
42427
88241
89696
42318
92954
10118
33020
93976
19342
67384
579
57468
75262
40205
86446
14437
61228
93609
53463
82262
46610
32858
3032
79575
27877
19155
80060
60215
23748
62439
47062
87397
27145
47921
99491
31755
77531
13330
63718
4347
60513
28333
10352
68059
82841
40259
96454
9177
60665
56541
25715
79304
52858
94938
52064
93545
9723
29914
89432
75364
16839
94708
69428
99337
9217
29383
38983
43732
51227
55921
63250
91092
41482
6208
73290
948
80864
33199
71758
33710
3969
86197
75989
73123
45275
47875
69167
28729
29672
75927
30664
7214
85776
95241
67573
77728
23213
36939
6033
11799
4020
64919
33185
81534
36497
54911
73882
83267
16395
38318
42174
1801
94981
13620
80639
93161
97784
27401
83953
45464
30249
63364
6273
23692
80791
94485
87608
98253
60421
38045
66999
71590
64840
67820
17193
3751
2036
76381
44526
12792
69237
45130
10634
61660
22645
2475
95619
1177
29508
32227
98326
10653
86392
70900
3998
12629
11654
16318
18918
12726
35421
17087
51165
52484
89291
47982
18686
69811
45086
1289
53104
6089
47889
49141
93914
80761
83551
90887
42993
97997
84182
78116
32431
33844
22748
99049
53045
47174
24539
82377
86139
8023
13588
49307
49751
23471
3106
6818
87103
76117
70083
59026
11784
92239
1758
41586
5817
95688
26654
45284
43158
89868
12745
77190
62492
40474
40798
17108
81479
52407
20944
47786
27352
49458
16064
40566
91022
69026
78572
16238
58463
55097
7220
6469
20871
20096
58820
35524
20554
95967
23710
43598
84962
49310
61486
48135
28498
87396
24543
1527
55548
75401
92559
87703
62899
77818
21494
84278
46468
23427
50703
79773
69368
91861
89240
77009
22633
63123
13121
239
43684
27628
88273
90537
92868
79516
64065
26052
98569
35897
85405
34206
65965
67128
78886
2350
71309
8833
8817
20896
92349
34688
23910
14543
9289
49399
7899
19567
37418
88711
13719
17191
66545
17204
20593
90235
92230
97915
59620
4342
38425
11683
16564
9550
50498
89499
56533
93551
22762
30702
51870
57846
50793
37596
23979
10959
99852
80034
93787
32034
31520
79122
76391
17930
2432
77424
97883
59333
50153
70360
75487
10511
4621
89753
63818
50000
68133
4160
35352
34010
56215
97606
5338
26149
55965
7927
95886
3987
5280
95957
14504
48443
25325
11363
59197
68487
12458
45228
22127
53202
20558
88493
28684
43516
25914
92632
22254
71883
55454
63972
27659
6458
13489
15570
94933
85926
11190
40631
87168
23675
72807
11980
20721
1912
38905
3315
30688
77450
36889
537
31039
59434
6757
27510
97011
51421
70187
79994
64282
68437
52687
81965
40820
88589
98993
87110
19411
17940
32737
20438
97748
8744
84332
63395
60094
26564
87479
75332
21214
8605
44931
14419
37480
27592
28218
46446
30590
472
43124
36938
24460
70367
79548
53817
45865
56903
48020
68559
66010
99633
82092
22586
60124
9578
2533
75085
45348
1384
15210
31364
70738
48373
80271
66255
99194
42610
89712
38418
90188
69492
62460
31318
61046
46592
31868
58376
85515
46857
87345
20104
12787
99278
51063
15396
65401
45440
39579
70538
11909
38202
71431
24147
85377
33078
58490
64344
83897
43700
34887
58549
10634
28534
26006
60461
36803
97694
19968
50211
87347
67436
64522
44451
27986
97101
75603
67952
94315
32712
37738
71092
66718
59313
15631
64210
99999
93655
95653
43607
37164
42670
18427
78207
42165
96281
27290
79398
31588
58602
59555
21621
95448
88923
19266
8497
98792
3769
49625
90613
67286
28130
12477
46843
33395
59423
36533
6117
41542
43944
70568
62740
91203
18605
94375
32871
59131
1812
50089
85165
69521
82944
58366
94211
58680
30506
85818
12663
12119
92846
98565
90620
42883
50859
138
64350
37073
59584
72056
52751
69092
12650
59033
67023
62463
39638
36886
78318
76388
65846
27392
75778
25650
25552
82151
71844
86102
13394
64082
94358
2606
3788
12003
82920
38302
64703
13714
28348
21456
67089
52
76922
60090
95592
13929
54380
59168
29691
48131
81018
40680
48012
12919
99276
62910
78884
38631
43322
19728
44232
33746
44494
43689
83181
31626
49980
68597
58754
58313
89142
62183
33324
8646
88654
3035
57304
25358
18853
1761
64742
44620
41816
85338
73383
17363
64885
70190
70141
37390
96145
1588
71831
45634
31105
56442
85835
32751
77442
22674
52651
64375
80031
10639
55101
31960
17495
51714
19751
96786
11846
25428
74190
63109
10516
28680
86674
63324
22600
63289
97490
19174
47713
48482
48375
42840
35180
38829
1775
49204
84725
38998
75668
85271
63471
43531
76848
7558
58927
83289
61004
49960
593
86222
30911
80459
37944
23565
33507
52622
82254
71839
75377
81009
25041
36827
97425
37459
23208
46109
19281
8240
97714
17952
84451
48866
84066
72230
26608
69850
88621
70294
85485
46657
80772
34433
15118
3525
95325
22677
38908
6710
16353
11462
72827
51109
28001
10122
29211
90479
42690
91085
82880
15112
93003
42632
84617
58026
65415
28564
52259
75329
15486
47275
1999
61949
43006
33022
22389
79485
1985
80667
62468
91468
58118
81870
19457
91456
9765
77946
22801
31765
48832
91984
15770
20291
85155
54698
8245
80217
77335
51267
79311
10793
79557
22994
59108
82883
49377
55794
40349
97117
32177
27711
85723
25624
75787
56633
30662
16087
41000
6223
68343
67569
76534
69924
14851
30202
71472
8188
51263
73255
13387
30172
82131
45190
84991
42984
57855
2715
60319
34382
42608
52343
47675
95895
19881
51649
34969
46584
60690
10563
13402
97096
247
97801
99168
35445
96292
89171
90345
50813
12409
84984
12795
52397
72135
55321
82541
63397
63936
76045
67538
71975
96325
67129
67166
20114
30707
7276
96713
24190
11670
70132
73654
10097
44484
91035
37972
83813
71918
81884
33028
46788
58213
24004
33188
81666
66102
16361
91377
48745
35104
35175
85305
37735
51836
39413
37147
10886
2478
11788
35508
89485
5147
31210
79036
81265
80905
16963
60973
60503
74373
76089
55510
69214
50138
22716
67230
36077
74739
42355
30260
55817
31683
55811
31513
29967
95406
33487
19112
12612
6402
48147
3213
69900
20559
42199
92378
11841
15841
57808
53720
27074
12473
24527
31774
56997
58078
25669
77761
92611
9764
51815
51051
4793
12977
63521
39711
83618
77236
77730
64926
27789
52450
18530
55765
99082
29971
47539
30689
97725
82390
19033
39443
27812
44377
55217
82364
96115
74075
64650
26771
42682
26849
93881
43382
62547
19613
12865
29512
3739
37091
99396
31288
69536
81609
29751
88834
29197
69138
722
27873
26144
88455
44311
74341
56193
29000
31075
52009
49609
64627
93157
84851
35403
49932
36988
81775
66495
22199
84422
37542
28884
36929
17600
95901
63219
20276
11219
34259
70547
78649
1120
61914
48690
23096
92532
65627
48496
1091
15982
14074
56257
76784
99226
8746
92147
31258
66793
36162
94192
57650
830
60960
74065
89590
16702
34063
99495
96681
1647
55355
62262
51544
52137
50146
72901
84076
3604
10340
76604
67145
99323
7588
16521
18643
40042
30727
13576
96329
3515
23888
28048
87145
26588
67804
72262
22222
41207
91950
86290
98435
44578
80073
72958
39406
94330
33547
78203
43995
19955
34829
12127
62560
70082
58207
1655
91051
88348
9957
55110
32814
31653
98492
12302
20750
50437
70650
99967
48778
73988
4332
23565
16035
8758
81974
58691
31721
87705
82150
64855
1833
77306
51216
3530
67153
64663
87460
91315
16571
77508
32979
87730
17833
10631
10338
66915
4721
83863
10949
16955
59467
86409
17510
5053
94003
26228
72916
30040
88124
4048
19702
60266
45481
14779
13566
79972
80710
64239
11935
36533
71196
3606
91008
30016
99869
42114
8498
84107
1238
12502
78389
1237
64432
49071
12135
42180
11561
28114
15165
37341
12154
83869
42126
82996
27868
89257
6137
53871
28619
13120
27470
9541
86618
65610
62723
64917
80324
65709
93496
75695
87551
43405
13619
6993
77435
91515
54251
47953
51782
53218
50545
64465
14947
80132
65636
65936
34947
9283
89663
74582
72008
75369
73365
37755
6537
81468
3096
79707
42326
80741
66138
85345
70057
18466
63857
35278
95463
55559
42217
78960
94872
39957
82488
68424
73190
91617
47068
39148
96683
62506
71921
94731
16023
97747
10830
33836
67393
69647
90608
64541
5222
5813
45191
39780
66193
33719
83639
30676
62394
39601
55053
95392
4654
90349
55852
32861
58070
26695
3309
55610
73774
53719
73396
67484
46042
56487
47109
64851
70383
16145
36599
52048
44789
94348
82544
16329
80338
63808
86480
58256
33855
45919
53021
53608
64013
65071
40128
30410
49450
73404
28128
12173
48460
98789
96383
93975
98130
86154
74051
54485
61660
45416
83384
3987
22086
84283
41390
58204
80367
43076
96730
46990
45914
44302
9388
85385
9053
59552
18302
37435
94381
46742
27736
13172
89307
63268
65658
73285
89542
84990
88159
96439
43767
11681
56192
43246
83032
74003
72964
24451
40827
67405
65341
59689
6947
91105
98852
66894
32004
3464
70466
35731
52599
83889
17684
8267
89545
22199
25330
4129
97462
10670
25271
29361
79543
45463
56627
69606
22044
14069
34821
80339
55928
56497
87610
30437
80867
71430
57451
64729
1302
57450
79726
27967
84692
77217
67610
94550
37717
99333
19043
60395
60389
4329
67165
52395
29347
93332
17186
43191
58742
84321
90215
21426
57930
62617
13218
18004
22549
77647
12512
13507
47814
15932
79311
14717
62028
2022
44230
18125
97144
82235
25000
56729
1942
79368
55338
2616
10624
36722
21182
31135
70676
73957
14227
64791
37291
66572
93927
99317
11492
97424
31619
48805
80310
65663
75375
99601
66123
47774
13060
30228
63118
95593
63064
59784
52303
21362
64878
26295
2746
17750
48502
43763
9927
61532
92447
55782
36869
10689
10157
85569
24733
68403
45606
3723
83537
56043
42877
43301
98243
35166
49022
14056
19023
26167
16675
4102
10732
30515
6099
56349
30377
27180
19547
47184
60199
43353
33405
93198
67153
70485
86690
21904
88985
19203
91228
52844
5187
51607
28596
38396
79585
9539
53369
1118
51574
76075
66713
27341
84734
51379
29442
99173
72274
79851
54890
66521
57945
8970
36001
81113
72916
71909
32024
78075
34034
18903
87146
21250
79944
89905
35699
63365
61573
51336
53603
44836
74396
55132
5467
37510
59344
84314
54376
80678
49959
31902
44357
37062
17690
26886
65932
68882
52688
3376
34217
3710
75335
80315
80487
78368
78372
97321
42727
62068
38473
31918
56020
22785
92473
46145
75989
15433
40336
6086
57645
651
6242
20007
26641
94885
45528
17152
85650
84576
32054
88427
64704
30297
86012
87984
39140
2053
20831
28838
55378
57176
95833
86090
5974
58717
17644
30568
98675
35707
48738
37421
30244
6947
76582
75743
40062
71915
13647
9486
36385
83462
17319
70358
1316
19552
81668
54188
23160
73108
80572
24240
90302
6510
51518
14126
97115
58803
18025
66661
97634
56119
50682
36660
84687
18867
20332
22228
79634
85815
51946
95534
41379
84001
21473
92346
76626
41171
84934
47990
93017
45055
56847
31681
22952
15619
47726
94415
30940
24987
3282
36888
76208
47748
72415
75566
92817
79675
33592
74885
23572
88841
96089
24010
51703
28522
9312
87244
34365
93755
15710
59219
58596
6040
96054
36145
20075
78321
14983
79752
91352
99070
40944
85088
48799
98826
43367
4816
1190
23516
48046
35253
81671
18464
57066
89166
80766
99558
54940
88245
33091
71134
75894
86847
14978
76023
56459
63549
71409
37138
40571
82747
25573
61281
78316
21323
99014
26683
56966
96966
61571
15432
77561
14060
5979
72683
2662
1909
50039
93812
92416
13472
32519
40068
25988
70947
7355
69190
19450
59573
41876
50116
31510
1774
4917
32506
36914
21945
50841
87411
84509
1455
43131
81118
20949
53640
65574
3719
40223
90013
13753
99053
57902
40629
90969
80833
47692
8879
67176
64387
56834
5134
43743
16697
9976
55737
97227
8619
75612
19615
46662
30363
30542
12199
67907
45809
94335
93494
23493
29841
77983
59481
89797
74882
8357
28362
14080
15380
9640
33845
56956
59290
21129
15857
31324
61809
84612
45717
47384
25078
16422
73673
43806
68524
18210
27332
20200
8631
13635
19854
62672
15219
80343
45348
26874
37063
61258
67703
87026
33454
27927
32752
97256
99565
37847
33356
75520
39757
63261
48878
51203
3678
91394
31551
1518
25238
35059
64487
56135
2620
82736
97927
68400
28234
20854
10141
40134
93065
53516
36039
58917
41460
56366
22064
92852
12139
90461
84789
38522
39445
67503
99844
88319
65822
42620
97755
44726
19747
68128
47830
72245
27244
78662
68396
27659
42219
80942
48149
83379
41552
29684
15433
3240
6670
49499
19425
54300
91945
70469
68534
78717
85795
40339
69863
7645
38563
57045
74091
69483
78428
77585
56720
99583
8092
50861
12758
28912
3973
92903
69659
78060
54135
72864
7439
55171
30296
80774
73555
11127
53125
25107
495
79435
60007
80964
67831
22288
67828
88447
96887
7675
1777
18807
56225
56157
49274
38229
35392
66743
70243
18905
45522
75588
16999
29544
14714
7572
94054
40159
61547
66994
382
15874
24325
55832
95060
45635
75408
93690
11159
6174
22451
54411
10239
5970
59165
55403
87298
57221
25916
79840
9065
65748
53605
1942
87736
7144
44557
47807
56814
25811
38002
15502
94744
40109
14815
87598
42740
56811
64892
71436
34904
57258
50009
19877
21381
94308
99062
81828
63440
75145
78763
86885
90774
23130
91720
68141
36464
25627
95464
7538
29163
42332
80888
24223
33970
7117
79447
80789
65354
46753
68940
90892
32927
41573
3365
73695
56996
49207
85382
9760
95818
80109
873
87365
18497
42425
84972
37833
46749
99109
98978
57607
6339
46885
60610
81315
77656
7857
8560
4605
74482
92191
29432
95859
55837
98023
20746
74333
62701
21794
15220
48790
42265
6527
97589
2759
39412
44878
41506
12069
55131
93457
58315
34466
43880
34871
33571
44371
98355
86075
44124
20852
46290
98816
91063
2535
72237
7489
83385
69668
49998
65219
39268
51184
84865
87558
65195
99139
53489
20990
3252
75467
51707
70668
628
57003
16995
42396
72096
67504
31745
60707
68758
31570
83199
91584
50215
68526
65891
45237
46522
68113
96454
86939
53576
37282
30973
82172
32338
54624
80980
15068
32453
17927
19575
22934
39856
86420
16916
53783
77141
40130
64738
35397
24373
1789
88976
55014
138
7776
6035
68120
73468
87243
42930
81544
69812
51351
23168
47021
51937
85601
34396
17937
4787
50946
92324
74935
18662
47094
86697
57875
15936
59718
68555
42147
89812
39256
47814
21354
27762
79896
91935
59914
84896
39718
3857
78572
13782
39289
56704
80971
1797
48586
81440
896
46141
42413
31052
36756
14539
39503
9962
52814
91258
30832
33473
18536
4881
4623
92351
64485
68940
26183
56893
71212
82766
27741
83692
56319
72340
44538
49092
36930
13296
13225
65643
68153
23287
87070
99008
79031
65551
31463
97911
74249
53427
8497
62751
3956
91047
12921
68868
36057
90522
28008
58057
39212
44489
42598
82778
14034
50594
52548
15749
88211
21298
10708
76058
85624
1583
34082
66217
15701
95436
87530
59876
11074
30738
36416
33679
47280
8690
26498
288
7798
38038
9443
23487
51429
61593
35692
4391
73934
51083
54566
49667
21410
77903
36104
24710
16894
79657
75433
13784
14156
96397
38709
66705
65949
14995
15079
20759
21288
53321
82536
72711
99533
37925
24743
68478
41872
22343
32624
74710
50007
87171
5333
83622
40836
30755
43501
25104
45255
60755
76511
11781
24593
39640
82518
79557
78907
59071
67337
61147
87821
74934
37561
65440
43847
28663
17325
64683
70627
27617
72966
61412
28271
76992
17364
58558
37482
9244
97069
97534
73494
85679
56849
6110
484
99719
37709
63205
37093
42889
6462
87176
50991
16554
59154
70383
25698
9993
45267
39789
10451
41448
34735
65679
40145
60346
19582
9006
70475
60023
76091
19048
28085
4194
74323
90471
81333
70562
26551
29090
19780
6609
33791
52241
59989
92318
62942
98522
66937
22650
10834
97724
80544
66403
68311
26915
5230
45163
89954
8355
52765
38060
29912
31360
64654
30263
54963
21643
96059
44415
76272
80049
77696
77297
66332
66966
61058
30450
42915
20039
48708
83371
8684
62682
4147
1084
32790
44869
41631
57931
99755
15974
27092
52530
59862
8748
20040
22207
42120
68820
9144
87327
42463
54196
56158
33074
19134
67546
7503
13877
56029
84088
45347
6569
30410
56952
71587
92356
1653
27402
96032
98689
56481
4167
40825
47835
50757
17931
77713
42520
75438
49511
76099
83349
46220
42021
93343
59291
33208
35278
30053
40791
28358
31690
89956
87002
668
59213
13077
31729
53632
27728
42913
62504
51440
32960
24515
59270
14849
80108
33428
92716
5559
76140
22284
69086
3639
56756
44667
31953
74097
11872
81842
20306
69993
31332
23248
95360
14402
98498
87015
22882
81348
52048
76457
22022
89940
34878
47990
55814
2641
67633
307
24311
28472
87637
76032
45602
99744
77056
11775
16338
30021
1079
90674
56267
17976
83476
94076
67806
83992
86970
40513
15648
78348
33139
58003
91835
70858
22514
61989
88583
57490
37951
8739
15202
54594
27858
78905
55807
35633
82055
95125
75734
39452
47975
40347
48264
58226
12919
95932
65873
1229
49529
60314
79623
23387
81780
7870
87505
87906
64116
624
86119
8779
69736
14707
59848
78056
95067
84681
56927
78743
92791
83578
25944
46255
24437
