20653
99997
76228
92080
7757
5389
76265
9400
50056
33629
50466
99068
1769
85952
22511
72204
94979
87749
29488
44415
53144
28753
22829
31423
78997
8954
89079
52559
9957
87558
4731
74077
42509
53790
66798
23127
45583
436
70937
14698
8698
6519
7094
86173
75532
54430
84496
78051
35113
63930
56861
35362
13864
2193
48847
8633
79066
66752
58225
1788
62801
13566
18565
2912
11356
31345
24493
8721
65729
64056
86502
47474
53049
77757
18614
61
27921
93412
89807
71923
58577
58235
48373
55157
57941
40687
28694
93
74055
60253
48523
78142
2038
72016
71100
58922
45168
30917
80237
17559
7563
75991
51628
69864
54303
63477
33495
89435
7168
25630
31674
19017
38371
69360
7458
69921
64864
84834
23601
86732
65031
4998
68789
55534
42791
52480
11694
36802
96634
90064
98696
54807
95199
27492
21888
12583
63510
68383
39086
56685
57952
28771
99484
59166
86924
21658
70341
48240
72941
33499
27928
90301
72081
18057
86746
61541
82329
97590
38301
67646
27874
27108
38493
52384
93808
86917
68327
73641
25505
22246
87504
44109
43925
94916
8177
7247
13640
71741
39464
35124
77810
11748
6551
98733
47783
11795
24272
82610
57237
72783
18419
11309
39762
72004
66972
93382
75117
2554
37856
12798
12898
58655
41280
83971
63331
56401
47927
38068
76274
59048
36797
61055
30036
5234
85722
73946
25583
86893
37170
41427
21505
51714
75746
39847
64730
82720
94815
43568
1481
84425
91579
15356
85077
62647
57289
65773
70008
7467
8541
8544
67953
70774
18988
93846
44444
11339
58993
34619
32151
49660
93026
80297
16302
73284
68443
99312
95736
10704
97020
13728
19417
32629
77025
26593
61623
29122
37050
97908
12151
85989
59218
37489
99244
42086
78662
31784
18113
35345
61219
58193
29884
84097
45095
49264
81690
96026
70692
59299
9954
59200
33483
18515
35006
18672
13264
6879
94609
30043
88164
59648
86988
72
29568
86125
75945
57205
41605
13904
77933
89840
36361
40584
30724
78352
44517
69464
43986
9642
87419
71592
50471
51282
73503
34758
51370
30327
59452
5702
56871
65410
78021
94507
4153
30293
89812
81872
74675
88695
77125
40666
50541
97424
60156
83923
7878
767
59446
67010
88716
3377
13102
92427
7835
27768
68732
52949
5597
22331
22172
63031
7668
19196
41600
14232
49331
43054
8509
53925
79790
61711
64186
43562
51605
72800
41814
19227
73359
48542
2290
6324
36438
18688
61399
48725
72942
95802
45935
71227
86133
93652
82978
67062
85252
62646
99645
13384
42169
83441
77757
16176
95775
14114
34820
13312
77235
38818
31484
71398
37849
51909
22768
9933
78019
7883
1151
3007
872
6312
4716
59161
73311
99855
80132
22526
34381
34312
2414
38242
42922
54199
5351
63095
6140
54781
79617
80426
15756
51713
2063
95238
54647
7580
409
34050
52814
91752
32664
73777
29660
11199
51169
95110
75009
65331
70666
52476
40164
33763
39580
86554
38552
28857
20164
51857
64256
69106
244
83612
5693
39906
32079
34629
55209
32893
84898
32535
25617
78350
20265
67375
35964
98356
53529
57469
35881
35503
6995
22592
14067
53181
16709
63456
26096
86810
54868
55369
8472
53860
45671
74093
36723
36358
1348
37901
39655
16439
9019
1169
85455
22224
29724
85339
8148
12289
33875
5480
16047
29582
42407
95330
36743
35247
13873
42709
80056
47948
70297
35899
14419
26469
37392
32382
74540
3159
20768
11347
73301
81366
65736
59386
36659
90725
73186
42687
55964
4983
41782
60688
86352
84178
53102
70214
28738
96727
23991
57136
42705
37192
74767
4259
96628
3322
32994
80077
17588
91454
57133
16864
14538
41294
80106
752
78706
5154
39326
91697
14953
53424
87137
92480
60637
66327
24334
86773
46563
27487
36424
47717
36646
28517
40638
71636
47185
2750
73576
37381
57338
7480
19452
64274
97467
87508
92033
11422
95303
95327
38200
19001
71110
74916
58735
89863
16437
92618
68836
60716
322
71305
2959
9240
72971
75149
58072
53898
76401
92898
14691
61727
42463
87562
64974
55497
17112
47031
33623
12215
52947
85940
9824
20713
83827
36996
42748
79909
65666
12480
10182
14494
47609
71151
99513
93648
2663
54490
39659
75159
26613
55517
64412
74738
39964
71439
23858
52513
46041
94834
52142
63559
59619
20350
80057
69212
24121
11957
21839
59262
43905
52713
32016
48984
38249
95547
85068
32573
71319
29376
86540
55828
19124
881
40751
87163
5422
43606
41121
69311
1032
69163
58413
34353
83380
47713
21781
3213
34502
5313
84224
33057
98641
2025
12086
16839
72901
4905
95928
9101
97588
56067
1257
81294
43519
98852
28409
86444
81218
64107
82119
58941
85276
49933
9787
28147
44339
463
45758
30570
48075
72627
83093
7605
18922
2118
5223
59721
65783
68718
41558
49349
98709
23256
77226
66276
3071
53556
84547
58377
74760
5474
26300
45037
28997
24903
73074
46473
70211
46255
54979
61424
43717
72904
76837
259
80641
62966
69885
85235
87049
6563
41852
79299
89614
47849
45591
69720
98075
71530
84239
37981
36118
9587
79193
40347
44164
54877
63405
90806
30724
3781
56666
70000
68421
86544
54252
80172
90982
73299
66189
75765
8505
36173
39272
75252
18938
51084
43278
98679
55443
43343
77035
32170
51892
47577
19529
11370
34205
65888
54078
47584
88791
17258
31705
45228
20885
77459
59308
40377
86564
95370
98617
34539
6582
36622
48967
26398
65389
80194
81753
92647
60789
13661
35860
20478
78083
62613
47364
51595
67426
98119
1907
46167
43785
28692
7138
3859
37763
91263
43672
42575
15746
59034
46236
80352
20011
14978
24978
52059
89132
85399
40296
41234
42752
39858
94959
21289
59089
84352
45346
83408
89907
12660
79611
94675
92428
65077
161
93572
1552
98787
3497
43711
55741
94878
28189
67168
32778
38306
51400
55291
71995
19512
66187
84631
36562
56561
38969
88224
20797
63631
51251
54630
33756
53498
65749
3622
93231
59146
86135
42267
47718
30361
38208
20472
18924
56052
51547
55626
22457
65781
64962
36758
54511
57335
57702
59243
4287
75940
82924
7118
33857
27995
7254
62458
72484
90803
39502
10021
78737
66045
40983
52129
66118
92702
35762
83755
45999
13467
51941
29553
36620
26153
70063
70111
66303
97046
51903
71304
47176
34044
81509
1585
26416
12183
43912
17023
44070
45583
36410
74747
86124
82730
14054
14678
97637
85557
5470
71955
55761
92778
25996
93286
63719
97321
96497
82690
69902
48976
62685
87001
93954
87005
47089
89032
9636
67549
42304
12559
72388
18340
69759
46526
7885
82398
43215
25288
86682
75435
77613
89816
58485
79729
49220
51262
12229
66550
34551
85895
13566
98706
42440
38917
947
97285
66834
65914
75485
21850
49738
57960
63099
90824
34489
14769
2079
14266
86322
16942
57842
20204
70757
62650
70502
24401
38839
84997
79581
10900
32496
33398
91958
20636
34676
74693
77523
26458
2338
52959
2236
71651
43247
31876
90392
97737
49841
44507
47176
57298
18655
6731
92989
46114
7153
25047
74843
10550
69008
12141
41600
84859
87349
1687
27779
83358
75725
5445
89915
52324
81694
12962
27855
15876
34805
11962
66238
77409
75994
83130
37043
89078
10118
79014
70244
81921
53253
58652
71110
32743
32300
43027
70787
70311
96330
68394
34453
35941
67054
33859
23462
17705
39671
13818
73144
934
14558
97787
69226
19409
2459
22687
45993
59533
69885
56829
64287
98636
29990
82044
9852
46215
54823
92142
35099
20429
25982
45
35246
17823
9014
23198
99633
79705
90029
14605
10664
62102
45830
36665
12342
86200
22576
28543
52286
2499
25489
66465
77497
36006
39439
56223
96992
46112
37897
10618
35292
52644
26677
71629
28628
53268
27622
12461
74093
83312
6546
37583
78546
23955
91279
54683
74623
18486
77757
10505
56191
4279
50998
67304
68308
93071
38944
83751
55878
4644
8702
70887
57433
30511
69335
28084
91173
45451
58759
30736
56332
29109
76364
58061
56028
10219
53573
61690
13861
30747
89302
15599
19100
66219
18255
35684
90988
98700
34210
66728
65518
74739
33065
84964
34344
31065
73849
29144
83322
55364
22169
24830
56155
89215
19462
18235
45330
43785
53139
10365
85178
51088
74824
6643
61234
81576
51096
23409
36825
28613
1743
82458
55581
38041
82120
45578
84211
83565
78119
8150
46329
4872
62030
50591
80061
88815
38180
50398
85581
17169
4948
82955
97618
12600
90904
56007
51025
79141
22368
70954
60147
49843
93718
16165
51085
55804
696
72066
58700
62585
71657
26776
10876
24906
54209
3560
45048
72990
23461
97569
82261
45983
38079
63287
39849
96471
88436
37914
22570
18444
89405
16037
53494
90840
21081
83041
48085
4335
49941
45595
21279
39214
47533
79451
83554
13884
30754
70482
79577
17954
57087
42353
67539
90788
87136
19271
27951
18971
6680
33511
21457
40411
41629
42046
64464
89388
34280
30190
67305
81521
43801
90231
60248
40626
92225
27654
80884
18274
73810
9316
17543
71999
18349
59282
17687
77135
20778
97153
45571
58390
34814
88236
18757
27733
58549
66055
94184
32392
61919
97100
39553
85101
29838
71757
82241
21259
72238
34711
34853
98626
45375
8799
21238
24681
47776
80645
79434
99972
46351
31746
87450
20271
45082
63442
58372
47671
83021
15665
10442
1732
55844
6258
10444
81674
66176
32124
27861
13207
26922
29102
81574
52012
49564
89529
96241
7958
76294
23467
48286
75403
3334
41805
37028
78687
98601
90346
11288
59796
80887
93824
58418
60828
62643
57139
45158
29273
76309
69599
13654
74014
56742
46675
58191
2905
9479
73796
16812
7137
57458
27955
29817
66111
70376
11145
31191
46909
45952
29798
22639
63049
71034
83058
56788
14641
9448
39189
41455
30240
5597
45247
39688
50860
58076
31082
66973
66956
38584
43539
77177
59723
50121
21434
83438
63659
82150
46166
55567
27560
67605
70923
61232
19444
55549
66697
23969
9617
78935
92811
83615
26749
68278
6389
83986
66083
63522
1157
6652
29140
80899
42125
89313
96076
67198
5212
39655
74706
4245
72480
81059
83118
85990
807
51903
54266
13435
68965
69213
57037
72213
70905
69113
19127
18756
88228
67603
26393
34814
15656
29028
51251
96632
139
8738
46386
83720
49763
23765
92196
83391
96764
64866
78522
51220
82231
99817
61374
80710
47004
13522
39567
38609
82861
52916
20084
75412
74634
57312
33586
56377
8240
35496
28024
56326
56548
92048
59264
70888
9508
85771
64675
6933
40401
78110
71404
89609
73376
8079
43891
68928
33729
50434
71068
67580
97098
10230
36868
56899
32397
82655
40654
79063
4004
44406
13213
36257
78512
23001
25025
99623
44937
3098
72140
48514
72356
98307
32392
87107
45878
46500
31928
67683
92783
14675
85630
31509
31115
2415
7546
897
47122
13248
21075
13790
24140
14349
38674
80245
52739
16880
38451
88124
97293
9998
23236
29058
86526
13740
39438
85972
25975
50367
83559
43582
51142
47674
6500
91057
41225
2737
46202
92221
73169
85134
8646
53183
33522
24855
10930
82340
49494
69491
39271
59766
57906
59797
63750
98246
82015
49387
90159
7283
39037
66725
41228
24967
34075
80595
84716
23813
68898
34156
27266
32309
38369
80283
1012
28916
87698
24258
37008
13738
75181
66032
20381
63222
96377
88908
65656
74043
20042
21645
15403
11107
33819
24522
40189
82357
466
73562
92840
60007
93253
36985
15319
82568
95276
18271
45893
28968
28620
6347
93047
21958
21249
83642
11547
81041
78579
42394
41508
65988
32627
74014
55816
85900
65758
42079
61093
32542
42767
38551
10113
48666
89614
68825
43513
30592
62027
88108
68882
50245
16572
8573
5607
46143
1087
9726
6439
76671
98031
17429
36529
6266
219
32901
68490
17903
22912
22287
41686
58900
44816
63367
14454
79523
14127
35295
92231
59524
94502
46119
96232
43371
94473
72008
3200
56663
90503
21971
63334
6672
15949
91916
93111
55365
98589
92127
64554
15903
48596
56291
48716
15043
26723
5046
73513
44197
38416
30798
48557
55869
55975
84458
3565
85640
24391
27810
17819
64530
62570
28802
61530
35994
37583
92982
88637
17927
37966
77652
36112
40060
73988
79974
2486
57962
4282
83667
34412
62046
68729
67811
57756
63844
77237
82617
48362
69062
28593
14933
80232
78939
87244
8456
41523
23146
51286
72283
98088
71394
28438
16439
13017
82505
34044
58547
61068
23344
36660
74162
7560
94365
28679
34878
31232
87399
83472
54386
70514
27475
74049
5890
79781
91822
34291
71578
96243
25316
85958
15993
83443
57011
17983
52985
17104
14538
82864
47738
46434
31252
1326
30388
81394
80433
89968
71799
90276
73518
97724
73026
58814
51783
48165
32757
67311
25655
86821
58525
2576
15674
96488
38420
79937
33705
84584
81891
39560
59032
99953
26041
17282
72590
29475
52113
77992
11611
95523
32259
68813
25649
70358
44464
95749
96002
11999
47943
80684
51132
15334
94018
38716
64785
96326
93633
8181
53526
79201
71741
86132
33350
93929
47073
22384
49087
44771
2582
98606
14503
75935
92098
50012
69230
21879
46595
87228
22229
43893
27402
36049
80811
89869
69910
69634
27013
38755
2440
65573
76192
6974
51018
19459
72441
59784
96497
57849
55562
55262
73356
94525
78963
25086
9670
92549
2926
12760
43509
80462
10337
32876
3288
62102
46077
56173
34726
45683
3687
65175
24464
35209
85590
79263
15324
6015
58557
51417
51654
71606
21357
90107
48143
7832
59407
14567
4455
80239
81856
8227
47561
98875
82379
98009
45236
58598
15238
77241
61572
35649
9637
96079
60743
23316
36253
25175
81057
59289
54920
33160
7104
21612
88665
35065
71575
96675
819
53425
10715
17098
30815
12833
11831
5737
96595
78347
57662
23084
76728
42169
32420
81702
59245
7461
25154
3808
96109
25942
71356
41332
97862
10261
38112
45592
29658
54219
62712
1572
91067
24344
92320
27944
53872
20717
23769
40079
24912
21059
57745
73487
82601
20981
42331
19622
88895
50201
88033
71855
71362
32200
41849
28200
10438
43930
73898
5398
21926
10114
36642
47012
64102
47578
72232
17053
72501
10733
30999
93897
330
23433
34706
21666
37405
46277
65268
98547
77187
76121
94808
24403
39671
23033
83929
98586
48418
88086
89627
47978
13248
77539
37934
44453
66229
65247
99650
45811
96056
76902
42275
24983
96945
62873
25669
94475
19665
13459
42369
43730
43338
40121
78547
91364
97614
71026
12612
86526
9536
31136
36016
76651
49833
2911
80695
7365
94219
83019
57887
36616
61498
98090
89997
26404
41580
11276
17113
68162
88464
52805
74164
7170
74420
7653
20293
89413
85952
71120
59611
44835
48891
47601
94311
62692
91755
62766
78050
37581
16883
33156
6167
17358
43927
71835
89965
71370
11827
28754
21886
48674
39385
39393
2756
6847
55623
6589
99713
73140
60655
85309
33467
42851
97711
44320
3929
59202
31349
80857
80606
11786
76075
39466
53483
59655
67250
44373
63995
66610
74373
47740
93025
36593
97970
88665
65636
31752
73211
52113
75918
98262
6065
90372
12637
5414
98713
15157
49638
9974
72727
15045
39698
80183
64150
74471
11393
43503
21136
75986
60369
65165
51901
8342
61191
27042
85962
68643
74870
91190
95015
43393
21454
31224
32933
79495
74202
32134
40994
88445
20426
46788
84915
53631
797
21214
88640
74511
80866
21078
41072
19501
97791
88598
34399
30954
88430
81317
79085
76648
45988
88926
5981
72644
80421
92700
37689
90214
36463
96328
22119
59623
86087
11159
72814
94508
22514
78029
13143
19310
20600
70231
74239
22315
7231
14814
70957
70633
17662
86773
16606
93763
18062
4643
57275
34047
3268
73705
56070
25666
84448
8341
44547
3818
33083
23378
90707
43622
52574
4391
47678
20727
81257
1172
75165
67027
12803
17137
42645
94127
12572
66026
30485
74377
71476
11987
38172
62064
98287
72990
39111
16414
14345
10800
77877
51481
65784
19135
40642
53583
80465
88926
8477
58625
11037
7485
82193
89663
34675
8555
80337
72034
54547
20697
47207
49511
85876
19119
49843
1677
53302
26105
77102
41384
74607
45528
93820
20014
83238
32495
97268
42719
40594
61810
31367
24615
65904
4865
844
10140
29248
88545
83105
32782
64997
26272
43515
47110
55805
77387
19049
6640
34009
41647
99243
5156
45001
83194
28052
12907
6760
31133
38165
37957
6799
44793
62438
34940
34372
34378
82695
28937
95274
72620
9689
63183
77175
54965
58259
80769
43185
51404
52396
26043
54701
44809
408
46563
69287
70018
34618
47247
87812
50279
95016
49015
10276
38571
42993
56070
47984
29854
11325
58355
57599
1819
26568
57084
60952
86446
76674
2470
3367
28594
47034
70597
94746
82619
91166
14118
45940
16069
16608
84174
75346
42328
4239
88821
72695
57828
92902
90102
20958
10132
1972
60752
79612
18990
2851
57231
30036
9662
4114
44999
71518
93352
9103
51933
31102
90024
67051
86018
47921
66387
22889
74014
41643
7867
74002
13798
49455
51697
46023
98300
74398
34387
54184
85642
14967
97254
42201
9559
97282
43458
98778
44300
74689
61996
63126
50888
19107
2568
82131
21830
17999
70218
11261
50364
10360
30915
23592
28912
5140
94206
73173
11373
34093
52107
67991
50012
5058
67402
78888
72786
73470
77645
39367
60057
29049
19255
61838
5366
17664
59942
89470
75591
51772
82046
29389
19949
71945
83989
57073
17122
10947
36700
66415
95599
43980
36119
59929
28671
15027
42481
55200
85107
91054
27428
23764
88155
31893
7851
95549
88727
76211
13262
64802
24180
64558
78026
79797
28119
8911
31347
74984
3733
15421
87769
77861
74787
58727
56020
66626
91733
22319
25624
83639
62720
71825
54530
43887
88641
22546
54879
73118
35608
65501
88533
13585
72823
20926
34346
58953
17909
41321
39230
31458
43072
86913
65779
81208
11955
95774
78405
68918
1188
40766
30814
46649
35013
38285
52378
38962
45010
606
84900
12381
53894
80493
8960
5657
99
11803
18124
75319
80314
25674
31581
25737
53965
54893
59616
47906
42646
91471
50738
19715
84332
53711
76698
27404
24160
92442
45423
15053
50180
70925
2585
74564
62719
40736
95235
89289
8481
98661
70269
48629
67336
35713
86226
28553
46553
95628
703
64679
96565
67101
84071
79208
61812
6103
85506
3310
59804
21840
39636
51060
84675
19505
48561
48514
25358
7951
30570
90592
50572
16709
98999
92373
7064
59365
21335
6493
63200
71377
6289
59639
36527
22875
39549
2201
36264
14164
3290
51480
93821
2684
1664
91523
67749
88332
85572
29894
9069
60734
69883
41557
34651
1039
59827
3044
45050
2531
49116
79327
16627
48419
78431
25294
60887
17256
54990
40278
9355
42832
13407
82781
822
37916
25770
45476
39948
72695
66854
96708
9485
88162
11408
46553
18529
72803
75840
95724
73307
73317
33790
55639
49133
83173
18206
75846
41150
93225
57891
70941
85004
20173
42849
51737
94404
56413
44066
25866
91723
36252
1448
35648
61848
56510
67985
5622
16419
99534
72405
36684
56787
50949
55078
23388
12513
55658
97335
15271
32041
87169
29455
27794
31950
46842
79322
35471
98915
31584
95948
20323
72347
59906
97543
43478
43367
81206
96728
88448
43263
25305
54447
74634
38256
11101
51038
8648
21475
752
80670
18305
22514
83202
42419
26623
68785
4402
76954
4041
43866
25074
89442
40515
83235
71267
79605
30095
96948
52793
8889
50955
13794
17782
17888
71020
3944
93734
44323
54420
91609
50522
87127
3844
69911
77968
65548
57157
32562
99252
33874
46917
60999
64216
8856
85627
89306
61670
44243
63852
40968
50385
17445
74260
62921
21154
30508
53017
88924
76652
16571
17146
18827
50942
26763
33103
59915
73227
28823
95005
96139
62965
16940
50767
48914
40759
45817
56002
18352
34991
49329
98123
68193
19334
82170
89971
40059
80477
8469
59282
98
55364
42920
75291
8235
5764
34496
68213
50669
81783
18828
35173
35316
77569
53357
3786
55891
80774
46347
13708
8504
25195
67524
58459
63952
54233
46409
97801
90354
28653
80705
99479
67243
51319
12800
4961
48806
23263
69011
30779
8877
39658
19848
64894
90980
30196
43454
37233
12965
17812
40174
96286
54526
43476
56840
97044
12491
4934
91076
51171
12421
83465
96400
48081
3898
85624
16349
41634
28482
1252
33463
16227
76616
76584
21940
3097
16663
91774
31019
61248
68807
83052
48802
44646
89780
35841
46036
12576
11674
95877
42839
79397
53713
2617
10058
50763
103
3026
3097
60542
52581
48666
56588
84454
66275
53844
47422
67929
77163
2355
37482
97798
71894
74464
40956
75739
17629
34543
77889
48060
634
43991
39884
85464
76804
17
6005
80339
73117
38050
98935
30900
86750
12312
83145
92389
92551
18852
76140
48915
91687
69765
69729
29701
29806
40402
91863
58504
41735
9927
57069
16747
85074
30135
17745
60802
10901
39992
86257
17415
7077
56770
9453
26219
51895
48034
78808
12301
98482
70929
12855
93546
91357
71477
20015
1710
10991
65005
79491
28285
33606
69967
17430
97158
491
27738
20765
97373
13788
59920
38908
83592
17014
62498
95392
54330
30415
62936
2705
36814
50201
19302
18616
56637
80124
2278
13614
56361
60715
48049
97778
5062
42962
11498
86117
80501
54452
28437
2736
34208
35080
68208
60360
72669
67379
28401
61520
63652
54120
9768
54443
53395
39687
78777
42340
22830
81195
36211
26153
50146
24808
79868
92247
56235
8775
88173
50113
53873
18106
64074
86823
58906
12060
20408
27974
30231
99558
31848
50868
60186
83941
53683
2946
90571
1987
57735
6221
60674
77181
32036
99130
47353
32288
10146
19235
10484
69515
35700
2242
32097
28539
34291
43590
25350
97454
59493
57440
153
37868
9908
34492
12854
42702
3814
207
13161
32017
5993
82863
1279
30255
6717
15494
33279
74446
99124
6594
92861
20454
31257
98094
70500
5197
28052
40903
40732
95936
222
54947
71705
3663
64476
26263
96600
18650
99679
96980
98537
93544
58612
88545
86636
56477
89993
72107
1130
80562
53438
46782
92503
33419
7127
10279
39438
73995
13346
40208
14214
909
56583
89775
493
6470
6477
82602
95999
12213
81823
39533
53439
80874
5960
75185
86810
98606
71354
22370
63982
88160
58982
96366
55362
80364
96381
73838
30916
57752
23967
85629
14208
86978
81841
30965
45344
5502
33514
81218
38981
50276
75433
61024
54307
73830
90390
16337
19635
1271
26907
91868
67458
48482
92781
58292
22863
61365
42737
46878
69896
56680
81770
49851
64139
34432
70776
79304
71140
88884
54639
72604
64331
38443
77399
81618
99618
39224
71002
46367
31362
77656
40675
61546
16288
45834
37360
79908
75440
66312
17188
20166
77847
70741
80702
629
89687
28027
75705
37862
79959
75742
89487
14647
94631
14750
68706
90865
59415
47756
76926
96744
7755
45801
46209
78381
74715
51445
26133
40348
6058
28004
32952
64377
19356
15770
70538
93643
25369
73170
6775
29793
4786
97366
54602
29953
72753
42460
84023
8658
53776
42427
51595
72847
85127
97797
58569
9977
69933
62001
77729
3748
36031
61703
4849
96949
80318
43024
70946
18374
42720
95514
91258
29369
92576
70046
3713
67472
18726
19648
4169
72799
27429
95945
22161
79924
53067
62113
56007
79537
89511
49691
51809
76314
88705
70168
94773
45060
45256
22205
60388
79353
53255
30317
46770
97393
5590
90261
76103
59872
60962
85794
57845
93744
36760
59088
26707
61157
63497
35007
7825
32938
9745
40424
53515
85182
70150
27409
77898
24116
61398
11
82497
99439
37284
21101
1664
29603
46475
98377
56139
1218
31355
33601
73123
93616
7867
46910
37023
54363
20980
84754
38736
71603
32737
92602
98439
2025
70857
35415
492
48962
40211
42999
70218
64776
16850
70527
6287
24181
26336
55871
27814
77166
27558
8811
68443
54022
88447
10486
89412
4993
27887
40
96200
95934
1224
10594
79479
55534
78065
83480
70044
11637
69698
68570
74300
45660
40507
16184
3509
86362
37730
59177
56078
21696
69536
86109
99290
5032
52588
57181
12798
47836
62807
39128
80617
39426
8673
51417
80332
73577
67193
69335
64363
98591
81320
50803
97273
76479
10638
2462
70312
2290
39547
33028
58546
42589
79626
34119
15343
81722
87941
28117
35665
30431
12686
95373
10646
62883
57424
82102
22278
17358
6796
68655
95580
20631
46206
50267
50285
33288
13022
48056
26154
29285
40951
41856
60128
38014
80941
61708
91269
87044
71701
99832
60928
86094
55951
68163
20713
94810
64455
66944
67238
67943
74178
56861
30087
86322
28698
71908
53056
75145
35337
94763
29350
2255
14951
43537
20105
91629
49667
89628
47563
41867
76309
75849
18037
73977
94868
53651
60323
54221
58235
93293
30386
50788
82282
63774
43591
14162
45696
20052
96029
25326
35245
15363
12770
59938
9426
33728
37731
69848
59806
14212
69309
27972
1143
77874
5100
22454
81084
23603
28720
47542
11343
59441
95236
49952
34390
68436
55535
15159
49209
24464
73951
74709
33706
27730
26109
19989
54410
5874
10332
41881
10350
77931
78802
99864
8945
29979
32857
77280
56573
12365
91351
14658
56245
38882
5407
39849
78822
80550
97178
72791
61694
62852
58751
10291
81483
36885
86602
45453
33751
49045
5345
76597
32237
99204
97117
23063
43243
49633
35219
25363
50972
94426
63381
70322
40253
56583
65881
53847
24934
41395
67599
82627
90407
14445
72418
91771
92566
48705
71020
47107
4305
31398
54569
90563
62591
99544
97937
46127
11487
55960
51190
20022
70980
21857
99098
25365
80668
68987
89451
70974
55905
18893
96650
37749
56305
46386
67011
70908
13526
53492
80012
3792
64427
42146
6452
92778
85096
57509
52080
13803
80558
96925
82915
77567
1809
41822
99877
75202
64307
12031
66792
53668
99724
10020
58384
34589
16800
41088
10834
89791
90948
19246
26338
55218
65798
71284
8379
94945
39501
65172
63956
3144
75550
20805
45447
90119
42398
94253
98688
7811
6763
60671
42926
75572
86016
39888
77490
36034
71361
95097
57976
35960
81215
97860
80149
48456
55902
17262
24148
88595
23998
99866
60796
69231
54310
80360
55755
92465
53811
22165
79986
8720
64637
78483
34444
41470
44317
92097
84924
98410
65872
1822
18093
32522
45689
83384
78813
87588
8780
99816
99062
61543
52700
25349
13568
28971
99915
10473
94265
31868
55537
2286
2431
77240
39043
33291
60093
1080
95956
905
32843
67059
80987
72128
45721
17412
42598
23715
30473
34195
15638
44256
69610
42100
93513
12096
41502
5745
27051
17055
99533
27261
62018
29718
96582
83904
67380
92446
96471
46173
90173
36152
95962
38513
33651
77642
56303
17757
70063
37128
60936
88147
63837
72589
59933
87824
80189
25743
96452
14167
7283
46232
30451
90018
14254
12303
5409
29730
47375
71163
54630
64295
82289
12550
68646
46116
19356
43822
81312
69633
54508
5202
34195
33193
86274
3553
56768
17699
66023
75440
19206
81778
12183
22215
66494
44720
99894
92799
12043
9158
65936
18570
21725
4364
95094
40930
21398
15119
13436
51948
47444
10932
54007
71079
5531
35791
71030
52784
99216
76569
59318
52106
32050
8389
35704
37324
64233
3482
22100
70941
68437
2212
43486
79325
28618
33119
28919
32703
93822
50038
31190
94147
13903
91866
51677
65224
64746
98726
33300
2184
29674
35399
20378
3716
33896
39770
94876
20727
95017
16381
35631
86433
44265
16086
89048
92929
39131
59507
25947
80651
79653
64663
7140
26753
15105
57243
29303
4400
43885
48613
48897
54200
11064
61006
13762
18915
40090
3465
61520
53319
54553
98044
75964
95370
18201
44434
45098
61161
59537
71860
83442
9697
20782
42957
53049
12744
62537
28142
33271
83738
57688
98006
15428
58816
80760
94204
21158
91512
75411
31454
26743
75675
88627
89242
22969
79901
71793
43809
12347
80786
89858
25804
66196
41871
34227
67262
87713
2184
3567
12219
24522
97347
94841
19723
21737
53308
85689
26117
53632
62071
31259
99622
66312
62922
93870
11554
72456
18271
33242
1754
52277
42314
8342
23427
43520
90976
63011
42709
27707
52251
30498
94986
49169
7198
69779
75113
50371
18851
84519
78650
16952
97745
51890
8776
95929
28281
33976
78051
63829
54090
10765
92354
12480
52467
70362
34628
42423
82988
87271
54716
34543
55837
53782
21613
41487
70383
77960
86107
48021
40308
81876
81471
91519
34243
25610
87529
49642
67990
7847
79186
32975
18953
49515
71408
41498
9834
22751
4276
96785
54262
5036
48568
31876
50711
3306
81421
43643
26302
63113
20014
25270
75112
70305
85144
35834
92787
77393
32950
49137
84340
78805
74077
84282
82112
21866
84410
93272
11421
5691
31238
80677
82916
29879
26719
12555
60866
32459
34661
34232
81531
66055
37393
41817
71346
60320
33193
58284
9844
84517
23949
29178
99253
61512
56784
28410
4972
90594
84147
28919
5230
8054
66980
81887
17592
92303
12710
99001
12654
22969
38179
58816
78086
11251
58446
34576
52732
45932
15835
64240
66074
40047
24748
10824
1864
86747
33184
2762
178
61535
29799
91538
7793
50668
51972
30958
59175
49369
14948
80739
18401
6733
68060
65527
21754
94950
38219
94193
32230
40010
96243
55235
63972
14836
18208
7776
93763
22252
1663
21187
57490
97949
88418
58477
74607
297
12266
32274
55396
33541
95897
51524
80454
88931
61349
68734
34917
24235
30860
17007
29555
50016
31244
15835
75899
95736
14091
18995
8306
63895
57053
40488
41129
34719
31010
285
38554
75905
63005
63453
66967
84242
76174
14195
88113
22903
35141
58270
73395
28057
77720
81787
72518
26565
86485
64427
70868
62749
54956
53054
64019
57810
37789
91658
31135
834
78066
84374
7566
69144
78070
28999
19820
28670
31196
73016
17825
8003
9915
58801
29286
45018
7754
868
70489
7656
72606
78606
6761
97039
39755
46695
32581
86299
80332
82212
33508
66158
74306
95053
84380
65528
7877
50126
98226
15797
97092
1526
56036
28290
91059
57658
37982
48951
5018
67409
50055
31227
67130
32498
48014
98949
5968
7907
98497
39592
83368
2356
62536
33327
26301
43318
61885
59893
50961
88636
74753
50443
97139
49411
86148
91947
24341
55559
64680
56344
41593
16676
64888
42913
49812
11051
45194
97848
58098
54575
81367
22132
43428
44974
61592
1253
47310
29086
51263
82946
84520
15174
80824
27002
87590
35189
6946
34398
16027
84984
86128
32919
7550
48167
88967
93544
29596
42856
25773
81740
86506
62909
94571
81757
33266
5504
71745
30121
3139
85031
24671
57280
49901
1749
80629
97327
58750
59869
96870
25603
35225
95988
26603
94629
63015
16941
57037
61077
9502
14971
14273
64585
6787
48078
81249
32304
13937
34635
57271
94563
46468
46292
51633
99093
70530
47710
43038
60434
11021
6046
71031
62804
40251
9557
74273
39622
92551
27076
28632
81111
46715
16284
25955
14307
84012
69283
10342
64872
10135
62660
2832
2903
14194
51829
83855
10894
27978
10079
81410
16544
14159
540
67980
5624
14766
96972
33109
30634
64853
34953
13535
43151
6253
40855
46868
94809
40395
33576
60851
83166
42266
86529
41645
45751
23877
32829
53145
67932
93831
53921
25314
88709
13128
71952
87075
48300
68501
57113
52694
53393
62581
54556
53299
26015
5971
67722
21935
65352
68499
38862
23637
84886
47201
81898
99179
26697
16684
2334
88725
70122
13905
8607
36512
45953
79170
16829
59881
3088
25099
76675
35174
28924
85690
37590
4916
79914
75186
95901
25189
78047
3203
24768
40216
58390
88
7352
52532
77064
26830
37511
39471
46714
29727
9342
47200
45202
94653
54492
15
1140
82653
20920
72013
2324
14738
38340
94258
48501
60363
53178
88246
17197
46865
91762
59439
27420
70602
1877
46496
83251
43118
88861
61682
87056
79269
89108
64339
28155
37808
3508
47532
2250
84355
14041
47547
19301
48186
83043
64307
22890
86127
71909
35023
71306
58244
37966
98750
78565
52599
83716
74647
54300
7969
53770
1333
13625
81615
19297
86180
54340
2979
50719
93998
8970
921
20846
48725
76932
58287
41104
97735
99202
53404
58568
4370
54615
47919
73805
67061
5065
8725
67389
2411
79634
5300
79929
30934
93646
89949
80851
31357
21758
39665
37068
44510
55287
260
34185
64819
80427
38755
48834
86756
47555
31966
32629
57502
53698
40964
18059
72010
7426
77891
65903
92124
46768
38756
9647
99390
92712
10563
27569
80485
57436
28199
47109
77024
93784
36030
45648
32432
63171
10457
84042
1673
99483
31343
32080
1635
44668
61933
60338
75167
16448
75420
10545
73050
17235
78641
75416
25994
6638
32532
5755
25974
99341
35351
27523
97826
99536
65631
45529
47413
9527
24759
49623
81658
53382
52478
90412
90828
1936
64870
18021
89975
83000
88316
66233
1482
47883
86480
61938
67731
35658
68395
76636
45652
87641
9029
41910
15801
29939
4492
3728
82390
53778
39074
22885
44508
92234
58969
85046
45729
57166
30823
78851
70214
89876
85278
45132
40182
70731
44297
38511
54388
54154
27889
13280
52721
11607
43290
16411
11406
15754
84091
33160
18650
87540
5107
22542
59158
68839
21570
57661
49843
34313
8991
72433
39135
17693
98094
71857
59001
53706
82158
68857
82403
48761
90084
31487
98338
76706
23373
56326
48708
7111
96864
86599
3311
69375
79290
29285
46613
3179
27679
43807
22693
88087
97274
42784
46309
59383
29351
30612
49951
3794
84399
7952
93278
40866
11069
29498
64194
54672
15935
25216
82385
21108
64605
96
26533
71166
81948
28905
67785
92797
3958
61377
22037
18416
71375
21997
11009
49499
19832
47535
55135
89584
3028
54143
76179
14149
80094
61698
19633
34365
9092
67759
61022
4708
41299
93081
45424
56931
23476
26059
39835
87841
19450
12200
22539
27944
99151
49138
59909
12503
5382
20420
48604
92448
66806
34650
987
53990
72637
11572
35952
88368
51430
66165
20630
54292
56980
80609
48500
43335
35073
80858
71284
55928
45747
3715
54640
57198
53102
68733
51339
44989
75130
88017
20060
46936
4599
72839
26854
80364
74633
14355
93763
1984
15977
30742
64487
26290
31990
56758
82734
68741
77159
42420
99413
609
27184
77704
41006
77923
38276
36507
46272
56399
87647
70745
88286
27184
33989
59404
69879
92750
19613
61472
39997
99820
39480
65215
17300
77912
73107
17124
74565
68766
3298
63431
98268
84167
73031
77198
44602
4261
57871
51924
98011
93088
17310
53886
61101
70546
19532
16581
90315
27441
13245
75074
47515
9660
53719
58144
96181
18518
5257
97433
12301
14046
68656
70027
61615
89780
67503
84966
92564
34484
28272
82681
59863
81542
18009
12332
24146
79613
48980
9066
84797
17719
81348
30001
28821
51164
33622
32945
68164
47918
54123
67496
43525
65155
53787
84665
97213
24551
15922
99970
88156
63968
54862
63922
854
49737
44921
21015
91685
11309
59692
52545
75587
7137
81071
91388
20628
67973
48513
52411
23789
26341
4025
63461
42627
73395
41164
86160
54473
16017
34690
37424
69969
45617
34548
17419
99306
62510
77458
54679
70229
3459
64021
12573
39212
49912
8784
16835
55420
74455
55287
82459
23878
2232
80960
54731
32000
5722
21200
85796
73688
88251
64971
87577
19300
54640
94970
91729
4828
89238
22387
98559
2091
36333
69644
13514
85300
41522
62777
29838
24589
65924
90085
18011
99250
32091
54071
11340
50695
11371
97355
21805
52930
86673
31597
75915
97320
82653
34667
2515
32030
94249
45209
19061
16973
82570
30629
58066
8825
93609
95127
29419
36515
15495
99178
26726
35072
39039
67681
83845
90398
89055
6412
82113
34408
52302
47988
5887
45515
47569
35527
45002
52151
4947
47238
56931
65031
77618
39750
42945
88157
15782
51788
83639
99428
4284
85105
66796
15034
26191
57892
87396
38984
86308
65690
28408
43080
65288
72198
60115
40998
27124
53413
59276
78308
72103
34044
33426
91849
27851
45661
93225
52988
40442
5842
37148
80452
51694
96689
54868
43826
68837
86646
79525
91356
12450
20618
26932
38675
40244
15461
72720
13349
26889
92799
24343
73573
8646
67742
75743
19394
7330
98943
59762
77998
20097
98434
65789
94885
98303
16454
79218
49826
18306
37020
16940
68381
50190
28432
95410
11178
70828
71818
81411
11865
13668
72958
6707
31472
98948
57750
44313
52888
94333
7357
51105
80024
60548
92037
86552
83029
77972
29118
7468
27945
61500
96751
21756
2357
1762
24544
57270
89633
18242
87388
17692
66278
35756
52693
7536
67866
13846
39495
94474
41717
40380
12541
47065
25234
79880
95374
53234
96602
37909
10957
54613
86329
20337
90029
2099
31681
1391
91779
95482
78019
58366
30672
16429
10960
72478
20860
96862
51036
70292
55439
4317
13517
38382
25276
10194
47325
4751
27858
5602
17028
23973
8093
97252
69684
10598
15149
6648
76075
51240
6655
99784
12160
20181
34422
2842
12624
66668
17998
9933
8578
1015
26074
20063
10108
49647
40154
68987
55759
20768
33289
28149
35402
41689
37374
69842
43658
22389
73675
59690
59240
80223
82997
61254
37467
89858
73078
2016
13340
89645
71576
52394
88206
84584
35105
79842
731
87048
38095
95707
25421
18478
83743
52097
88444
77171
67731
65276
66831
26401
56154
91138
14086
84945
44226
42050
18583
4479
90979
29894
82343
28545
84857
57907
97210
6159
87850
79230
91028
5273
96824
38788
15281
325
46977
22358
14259
96632
74339
58636
58067
83405
76556
41091
7305
95731
90272
47149
69803
12902
43278
16021
34190
92749
33806
33243
80094
25073
9467
66720
83969
26183
45441
29561
35334
76621
41534
94618
19262
57364
65671
94585
62104
43518
25180
22502
8608
55870
62190
44921
48317
81709
4040
19586
62499
36208
36051
97561
3189
67217
34730
73161
45462
36519
23308
76575
33389
30738
14036
66369
20298
55348
32606
83002
7062
2475
87165
96680
24731
83318
20816
78186
636
23579
60612
45817
25669
81125
10131
47911
99443
45382
21729
1272
8932
39156
46951
59791
53349
79415
77013
67650
44231
56692
46104
81217
39500
98818
13686
94197
64457
90338
94349
3430
96030
80543
51425
1548
39656
26039
85452
22018
36249
96176
35996
85289
50896
42898
23136
31496
82306
27691
55669
72168
6521
44009
1902
99892
17166
49252
93848
65775
82145
29020
6079
99438
57822
87056
98319
40914
90150
54734
65619
73189
1254
42030
27228
9707
93493
44782
32516
24045
60470
50030
56486
21949
22211
48639
23373
6017
36041
49379
19104
87577
47917
80914
63553
30965
10359
89533
11999
21505
13039
47166
38077
36801
10551
5098
11299
20112
72772
23708
53993
69132
9717
9908
54790
30869
76762
74596
50973
18631
73689
65995
80710
88736
30102
27830
90657
75758
44768
43034
66683
61073
23109
79746
23031
99157
58397
91700
52556
61343
76479
75176
20822
78244
7013
39887
58695
12541
41579
82828
84349
52970
28043
62851
89726
36649
6043
42475
7985
75625
36896
44353
79630
18640
39749
94444
88625
10406
65037
81083
50796
47902
62768
36788
97340
39684
30504
12834
11270
57807
87788
55778
13413
27317
94187
36339
29883
40479
81372
13717
79962
3105
22658
1096
79013
87419
5550
41731
84718
69836
34280
90900
51816
27579
90315
50004
77259
80826
74177
42190
39731
91401
10989
55893
33954
27399
46770
61775
1232
78434
62834
13945
24721
98696
76478
8200
73483
12593
81236
5194
26013
7722
48926
14769
40228
35150
43662
26342
92600
17516
18284
8063
4923
4150
71512
19052
56435
88120
71623
29211
35676
14355
65119
11975
60954
18278
12432
44259
90909
40395
48663
77413
98215
8726
72892
79926
26834
14780
16651
14194
38796
52080
10150
79148
83274
12552
34538
26928
30284
38316
54068
30225
92809
49151
1959
59288
99132
90752
89087
95937
11006
77732
80181
53840
55252
23753
5618
68543
196
65556
90684
91636
60320
57816
21152
17492
73255
30369
97567
10191
41224
77154
11827
98435
88441
98909
44965
2962
87730
32518
89719
63718
45317
63542
35807
53017
95812
45905
75600
10726
33469
24685
75497
48921
66808
65101
9242
33774
30857
25890
89487
43529
99550
48763
55995
54519
77817
91203
6902
44684
35550
40404
59081
76123
40779
82066
19153
67629
82626
29581
39322
65
71794
90045
45307
25175
14629
22000
67080
69160
42701
7747
81935
79457
90315
86880
304
70038
29474
93547
60768
54485
89040
67986
7487
88548
63671
65193
78467
67240
16397
93262
96919
1607
65256
3277
78449
30029
18042
92674
98774
34041
868
18837
48048
52473
95630
82918
23695
29034
63057
74607
67768
17520
5305
50872
70997
45996
59100
31379
73168
34977
34930
78000
60919
83330
85544
4313
2466
96694
54015
99012
87090
16278
76443
78965
63091
55508
42469
5337
48100
30906
12314
62977
3916
57816
34964
68772
87697
81372
63494
79601
80649
24915
19790
31971
54029
25499
13854
71624
6454
87246
59080
4141
82599
83276
9791
44371
20440
36867
69554
55849
64835
44567
77086
17344
39924
23914
62194
15507
32130
75910
10509
27621
65840
22954
65114
58690
95326
81672
61252
54554
11240
32151
63641
46713
13403
82151
22150
30030
73405
85804
11491
80538
66760
92407
189
73380
71053
68743
17449
39457
65137
57703
44503
87608
42783
14549
66838
79620
97193
95377
40094
13733
24438
20627
2300
7148
58860
7298
39650
81479
13877
76641
29282
79172
77020
99656
17614
6792
51510
91248
26667
57817
90472
34763
86514
98959
75475
5130
89224
23751
16272
76445
40057
48954
20911
57633
19455
98844
90158
39410
80987
44503
81973
89377
47091
9259
23310
33714
52256
11125
60705
43912
31415
95995
45890
63137
39395
94973
84880
23089
73565
56522
92388
34768
35455
67100
19029
80454
11390
59782
10018
60865
21352
31884
21730
19977
60212
86603
52066
96505
74461
54561
67055
88665
7796
24914
2629
11990
66991
6703
86318
50487
13807
6384
5657
89130
29067
40562
38580
20576
35754
72782
7450
1550
97944
53478
30005
16956
64261
68795
62495
35010
87757
67022
63791
28252
32637
64025
89304
94216
34259
59186
53581
18493
72516
72244
56075
88504
82349
37594
12679
48048
77385
73054
4146
37585
21037
34607
59332
3275
75737
28542
81968
66968
10240
38627
34385
1959
80714
52212
44362
35243
20259
64494
32473
28570
25209
85036
16668
76681
44249
24978
89431
18542
12120
59383
31096
49314
54068
91912
71767
33877
28797
22333
43285
41147
86883
45186
91022
73986
6743
72072
24803
76543
30245
83899
24348
96589
54209
9269
19252
46478
97122
65012
45317
10564
4756
70293
86254
14468
47747
17418
12410
58691
19826
32994
53025
7002
52965
32376
51861
69753
25486
61672
82459
56499
38663
6236
19458
13844
79672
33217
29567
29619
50259
86316
30233
64570
28878
1361
73
75263
20654
7740
15711
65466
98774
49839
46298
58024
73716
93076
26582
17840
8036
85317
55612
35285
81424
52079
20608
25243
17092
71254
42841
97350
3688
92850
36787
59557
69877
3629
94246
97361
6017
88941
45008
93002
51233
58985
57060
95750
22872
90339
37658
86738
25903
24904
20454
47998
6566
39067
66696
40834
99695
7835
38867
64199
8648
9551
88874
19041
34844
85197
92147
45413
29103
48365
6692
98297
74820
48207
42888
84352
66807
49392
35711
52881
55543
81448
65769
71
31174
35276
36204
89499
8806
6177
95201
91940
57460
83900
66015
85398
96653
52323
42692
85335
38826
12329
64556
3758
14280
17828
19893
67664
84860
81137
73700
36082
23408
32642
23985
6945
24534
65290
54610
95507
6793
9081
39013
51459
27119
84849
29422
49987
67730
12897
27976
79285
59477
82127
25902
71862
83589
6181
17765
91366
83293
50255
18604
59977
75620
7092
87256
20934
81230
27769
63918
66406
51007
9862
50572
86936
25902
19131
64055
25214
42131
91880
30836
31909
89740
73494
4679
57844
35319
20240
39672
31948
56211
41060
44620
23760
42544
848
11042
69536
9091
23979
11
55751
8622
90508
88078
48527
1926
108
14874
10969
3708
57232
46577
81718
73886
66546
29124
14002
77287
39205
75862
70618
52215
65558
59197
80365
72263
93101
15326
70986
40151
68917
18632
81572
55267
18943
70466
74227
89308
84865
2111
8791
3401
22186
75504
55937
54652
94293
48550
16845
88111
94076
34611
49593
8487
41788
76366
76596
92699
80999
87998
25155
4922
98394
29373
28485
77544
41482
33346
6673
33324
53746
37508
14135
7621
67117
68203
38605
94929
39053
88382
61914
93036
94457
9775
34734
36985
95982
71009
57476
67176
17727
26197
66891
18841
80430
77101
50608
51701
17763
26492
53619
83875
96933
93984
9791
70284
5881
72478
18428
95950
92398
61423
11800
33540
5629
18060
52652
76108
76194
64283
47393
10188
42964
94949
69098
99562
75852
92545
96002
76060
63447
36680
87967
37085
43233
45760
38934
59389
5255
6582
96347
25158
98499
7110
87703
83368
47286
26740
19685
14268
83222
49655
64579
44414
69132
95515
44739
36502
34695
69354
31467
23248
62416
69818
43409
55637
93479
78825
60869
79492
26146
27359
27534
95225
5551
23906
11998
21454
89684
22470
61108
44315
77083
77537
11397
74744
41036
37078
20341
52670
64417
59257
53347
97139
96999
37128
13708
65883
41626
4808
92250
26735
98707
37103
91071
16859
65625
59642
54936
79795
29493
7970
97903
82465
5380
67372
91625
38807
63787
84293
77237
72514
3272
21736
50712
42318
35903
4853
19917
92463
25190
52296
52889
35078
55228
29019
60389
40801
93104
7315
82025
61724
54124
17719
81007
36564
21772
90748
90393
14463
91623
82658
77845
408
45733
82257
76061
26978
86013
6206
86491
36683
35482
94079
73221
92772
45706
45
43178
1028
79684
96573
81023
40594
54299
10228
8931
67999
39141
38700
9586
74851
41035
78843
10314
59187
62291
64898
55568
95297
6341
25435
23240
78369
55760
17475
45796
89126
9944
18168
66645
31327
14900
70312
81718
47354
61692
9762
45515
2911
39860
38155
89213
5272
9330
93969
9114
50557
62392
85684
57334
9778
58451
71618
18364
55444
12711
86824
61645
1069
50347
35794
85609
36359
341
27041
4650
69287
97932
63321
87794
46307
10623
26331
76272
63146
40596
68382
36972
63707
81522
82534
92482
92695
78978
37349
98
36771
32423
18558
63705
7725
62730
88721
35883
46607
58422
30854
71111
98846
1112
29260
29670
36707
43658
1585
14196
76054
12613
71231
36094
32108
30802
53395
38417
56099
44661
47757
25666
87738
10831
25525
35118
69882
46462
90216
83157
66805
51646
20215
24084
74993
8487
56164
40039
9177
22158
36352
55173
32782
80483
13755
11263
87733
14929
38858
71375
20372
12135
51117
34724
60794
17143
58808
71981
16130
98014
81152
6432
39572
15236
1827
20279
81659
31824
81852
35489
26572
99197
80223
55852
95037
1122
88503
93371
47617
41739
593
51161
70936
23535
79222
85137
5143
58929
35325
72981
42487
78187
63442
71743
80831
62730
25836
15819
29751
87860
67664
22352
34374
93300
2703
43319
65373
76153
33989
15255
29294
44359
50455
85143
61077
47822
52744
75770
25944
65771
6337
71011
15766
42850
90779
15471
9595
18017
32153
36586
9721
68685
3415
76984
17081
13240
66891
13931
56074
97725
31946
11286
13804
85078
65410
25767
90953
17888
47122
27546
72158
91684
6807
3926
88312
24490
80096
82234
56840
18152
672
79964
99562
78113
27946
44679
88495
54953
38487
72826
32340
48238
98629
85234
26477
96032
51879
87882
71084
97199
59554
26432
21891
95443
33232
4570
24389
48719
56034
79160
45144
96327
57568
72883
96677
76674
66018
71802
33563
57341
15480
38068
6053
94721
41157
44542
46819
10783
98022
21828
62416
21007
1798
36017
57638
81096
93441
95432
42707
14796
63742
77754
44681
72219
92343
89596
21849
5044
95405
39228
79286
25957
27458
77285
62154
69569
53311
67406
35409
71240
84166
39174
68775
45435
40244
82802
12534
9984
50947
45389
74690
49373
90739
7676
42801
46873
75272
73955
20927
36151
77121
2218
51856
93554
80561
23935
4010
1578
16754
72552
40506
92353
50989
5190
24427
56655
54050
30767
53244
97153
27505
26347
25495
36798
27173
35509
11402
54218
63978
20549
61907
43784
22948
47967
42162
23966
13023
98540
35509
23038
36858
43045
77540
13267
10352
27871
87141
82469
10167
29757
94557
3977
13880
19902
63047
1302
74578
67666
72590
72188
4605
14613
65079
8777
23390
60458
88142
76836
11977
67259
15874
7361
90306
51371
11963
80524
99852
44923
24554
6217
94768
9629
30068
21165
28851
85571
92482
69269
24256
97789
37793
82006
7420
69139
67686
53396
88486
75963
6610
74333
87736
86384
91664
47404
6189
51699
24239
8543
68771
53082
36346
10407
83952
98614
55635
27853
1114
35324
10247
12486
14464
26331
51751
96697
95787
90448
80163
25564
37962
61607
48747
87779
60207
91951
80545
73762
28724
65032
9291
98751
79613
90276
6801
27537
40359
56941
14636
68835
36821
29603
59579
60058
59650
49688
50022
49792
68214
68508
65241
7398
41134
84535
56020
18854
60027
35249
22189
36562
14903
20281
91302
4833
58371
54389
37487
24978
88907
3880
52873
55187
13095
91802
16927
49733
27645
32760
20598
11226
4734
35932
60267
41379
46267
83972
89218
64939
76871
84961
58190
6191
11041
17317
24974
79123
59381
60796
37519
79381
17730
97807
95516
27379
16593
32826
39327
81098
24854
65693
96104
43691
67972
94879
50420
98028
90540
73476
99238
35752
48504
27036
91698
46623
47522
26186
79121
74975
34673
17818
37555
19365
9769
69144
98004
53112
26832
2242
41549
87022
63310
14646
26483
93559
44379
29709
41342
42728
14632
85388
11032
63645
40832
68571
67414
20906
8639
93274
97464
15100
24389
51731
17306
8038
92414
22467
28239
78057
51288
33526
49775
45153
18089
65351
36089
79328
18465
96004
85332
68221
19207
83675
74692
17244
40732
61478
65131
46425
95854
29564
78284
21326
71115
84254
23317
92332
30103
71963
14352
79910
31398
90551
50772
44809
54082
4915
48386
61818
19621
42760
46606
89284
83763
78967
46154
70044
42573
43942
54038
93703
26524
89742
25480
33498
15486
63736
36447
10367
95605
35937
35466
40574
10608
83090
4300
76443
26525
97911
21994
35012
73762
10598
57557
83439
49395
39241
54353
67940
73534
52327
15970
47367
16517
73329
36985
93894
55212
59030
53295
4431
46347
82108
23612
80179
25239
54411
57856
85993
11647
23810
58090
21836
16518
54095
78338
28951
77282
45701
15960
76788
17803
36594
71938
5450
83621
73628
71612
79963
38919
46432
88232
63079
61607
71093
55888
41497
15584
19131
22886
48882
93662
52519
56900
95030
83044
63007
85738
88873
29342
80853
81375
8144
45882
42221
35659
27183
82478
77299
79609
48779
6142
40460
74192
76525
8973
37588
16188
20362
6804
56291
49875
16434
67052
27923
11910
85517
18709
26476
87676
297
27883
88887
59521
4645
1337
80013
52057
41004
28783
37556
91415
53790
96051
87970
55611
16473
26251
31515
47318
44994
53986
42619
12152
88662
17302
74856
55087
14716
55852
55257
54445
64845
26763
35566
36849
50653
69877
61277
29278
67403
99346
78466
26771
61482
31609
71962
49735
17960
51994
35317
21887
40511
30980
65310
414
72722
87414
16864
61852
46421
23441
30829
11838
22356
16030
9557
50683
19653
18217
97989
49689
32712
25275
80060
27975
30195
98888
1333
15294
53665
76529
33739
99694
46698
77202
78467
64617
22606
72432
28230
11473
48215
30165
91687
1601
4190
34202
30050
55299
96381
77241
39671
43917
26054
56818
23192
45201
96518
64395
9930
41431
81963
24962
58126
32196
58983
60131
6204
81855
94675
48265
80327
55293
84239
96646
29501
54271
38099
69180
78075
15709
54158
11385
91002
66049
70694
29925
96581
58155
60551
49175
43520
61294
48872
8043
82729
52324
5307
45750
70114
4618
85215
50606
7619
37138
62921
95186
73497
97664
41165
3710
81306
3179
96306
72293
46121
94427
1423
87580
79459
23220
33535
88387
10878
47313
70361
18467
12617
61997
69986
502
20839
91890
72261
97905
30945
29526
24735
24344
90579
34863
99626
95427
12285
47379
28211
9793
47241
99005
40050
17580
35720
69479
74259
33505
14608
90118
17243
94956
19771
75184
19420
44830
86311
40849
84715
64607
52502
36652
53962
77571
55101
53775
951
72658
25419
10589
44481
41233
67002
83555
1148
95540
8882
50726
70788
24112
86681
1285
83686
95692
73263
53841
85348
24901
63202
34408
64202
67088
87379
99587
44591
66856
7591
687
59893
66739
13589
80759
61879
28967
36883
97873
96441
88285
84312
29395
76290
1633
76819
68390
90481
60289
16994
50934
44438
56580
11950
10102
71752
39916
37210
32431
50885
24075
22643
20195
44720
79290
1662
89893
86469
27086
53843
90441
666
74767
93068
29927
16502
81618
38706
52036
48494
39320
43359
69906
21172
84249
96795
50736
27288
56951
10268
38610
13639
91321
60338
8881
95961
32255
41277
28486
79734
58924
29617
62012
8612
9342
22342
30546
71890
49988
92767
74532
40041
53616
57688
64231
41563
84392
72739
66719
55381
93778
51999
79058
18938
33144
32306
30032
76660
97408
54346
43955
51124
43221
78932
16378
21453
55252
10564
80152
31618
65929
5509
7003
33134
93391
83286
59486
36508
43061
56011
38323
93149
35132
17218
40238
99267
93520
10369
28070
66723
71609
40372
10041
64047
72982
90410
50563
36598
1224
28517
58621
20638
83034
38051
56651
85610
30523
12126
84609
57840
90723
28599
63439
97206
78047
24063
68128
81229
37176
85855
18586
56300
30917
64404
66052
91599
5029
94149
83027
14036
4136
31678
84846
52042
90597
98390
5522
4812
76452
24555
80
92951
49068
44824
71795
3158
33534
88483
61516
66091
19629
70397
26470
35701
45626
90858
35769
34838
13070
65099
21114
58029
47073
60080
91501
79917
88675
25347
31160
6813
98926
39382
95328
47151
49012
35667
96866
42076
75780
62174
83743
73203
45354
96315
69040
36224
24312
25698
10002
70333
85199
26710
2920
77276
20164
47335
66249
43403
14892
74212
85280
87447
45648
78338
17788
78401
5692
25978
4419
60737
76326
68475
70762
95357
83945
27107
38881
57548
10808
54613
7163
40047
44081
8387
4677
48687
16457
24509
3221
36487
39027
79546
59066
78226
13520
94106
34929
14502
52788
9834
88492
47730
22764
94614
30608
46926
94826
51381
80047
20347
70079
76008
30142
34093
37789
78145
98621
43916
4624
50737
74411
34765
71235
54353
20412
25386
85972
24680
59259
80137
7975
66880
22117
81154
53487
96596
50511
98231
7652
75761
92017
41624
33602
41446
79510
76534
90935
73525
39536
62959
10619
76189
32123
37581
24432
59242
17656
87205
70582
46399
57453
51619
62063
73542
85737
73472
86526
37973
38492
66404
73605
16164
63986
7953
6605
45645
17637
28639
90842
42480
51057
5538
12853
86232
93356
63870
7213
7692
2504
3287
15261
97641
71815
87362
88540
21956
13173
77238
76932
3244
71600
47002
66077
47591
38015
49076
97410
61270
74444
12860
23890
79668
44482
63320
76940
18156
18130
82074
28653
50559
82027
83597
57524
96912
14339
9087
3095
43641
50186
69281
95497
62323
89141
2379
30243
15236
7695
93622
52963
17192
71646
77943
46762
28524
68865
88174
44416
20966
10781
32597
36118
71703
74185
53599
50498
6836
71467
17339
399
87
12997
60710
54329
47950
42758
6767
75533
10032
47432
49618
76965
12066
47214
33547
96143
56003
687
6722
99974
84171
71920
26610
2859
35802
18685
12231
75010
14681
57044
83717
26152
93443
34923
81427
5468
56641
10860
19317
30221
93400
69355
19651
87800
15590
261
98525
84478
27654
85554
3631
96525
81927
63368
88796
54569
71498
93971
32364
69353
66936
76800
97494
45956
88087
2154
96704
56995
69529
96607
69564
68579
72337
676
63181
79647
82061
61732
83398
2308
66435
75256
273
8561
15369
94687
59838
99709
10035
72956
92932
86690
53209
35971
87136
91426
99468
86175
44247
38016
28493
29106
89982
37211
93616
98062
84733
39859
62561
66666
42385
82127
29437
51495
80326
24728
20243
27184
74288
43986
11092
60438
10673
39084
82520
15070
33380
25039
21354
33198
65992
39718
73031
71872
42902
95516
75929
87215
45194
19864
66524
56951
56198
152
90353
37674
17049
57714
12567
93896
65343
39786
6996
43863
46836
4990
69010
29799
87627
38306
52423
70478
98176
34423
30147
35541
7643
29699
9185
24228
50239
34348
68893
21464
88326
48029
3723
94853
42684
22949
90291
56069
35752
20946
51687
68894
38784
55150
9378
86545
40664
68582
59092
90229
48521
92269
87633
85579
18132
88196
56597
10415
70887
18182
63411
44106
13529
2505
68736
80732
3875
34591
67469
91993
69445
61834
5076
94011
6046
91185
35728
74081
80979
53772
67335
62435
33305
76651
32230
32609
43916
83535
11536
43727
78906
13011
23272
29194
84091
80821
46927
20773
88869
38674
36024
88235
84174
30091
35274
61905
25158
10446
37538
93409
36739
8633
70865
44311
92953
64533
57824
82843
45120
79442
36185
8096
96149
69423
42299
58467
12107
27933
19608
53547
73067
62263
74080
14725
25152
99885
43203
51493
35819
94115
93179
19581
12383
27977
18936
73038
63306
11369
71922
17049
8765
72597
18072
32014
97745
77733
69186
56602
53566
77983
6044
15768
50680
25872
61295
17115
35906
96894
80335
98825
45251
93849
14421
32923
19898
37499
87594
43924
8020
29009
51035
52365
37583
66252
55265
77148
89652
83812
81033
74630
32994
92694
13812
12237
90789
20372
28373
51461
61470
14857
33767
41415
24470
82671
26717
35558
26759
71570
15856
13818
95905
2271
50779
6862
9619
84697
45294
24789
3910
21219
56870
13537
61170
70482
98057
75502
56918
83138
45304
24899
29401
35266
96741
68350
45884
2857
15555
15357
43291
77533
47528
68105
51376
73160
36927
84042
27819
94830
45083
25087
49966
65561
79871
49752
59187
2637
39214
1374
9353
17716
48593
46097
59565
68871
14092
73337
27863
21022
77909
67793
60490
89272
8697
21249
23073
81061
68500
52903
20225
77305
48384
89396
21176
58914
48637
58780
81766
15258
28284
98166
51576
41112
39528
58871
85602
49983
18893
66304
28167
40859
28778
6775
81619
89541
38175
26170
15163
37759
73796
99000
43286
45368
37970
66729
2729
69703
45832
10511
76061
60877
33204
91123
94985
79008
35096
34591
6267
1487
88168
50589
16963
30136
70132
54689
41725
51088
98119
55809
39869
15456
6344
83283
2152
77650
42900
36360
90769
47698
17626
82288
38823
25117
21428
89348
68068
59050
91535
92916
60982
39464
1907
49618
66579
34650
19604
99796
59861
30279
88701
26731
69785
87024
9178
27527
98566
30899
69449
93316
93824
61558
34966
51712
7467
25241
98744
619
69321
4343
47357
31622
7335
39214
91766
55020
62410
60370
58870
24424
62823
71081
49166
57822
91993
82325
90482
56833
45431
89462
57459
58578
67064
16037
56650
32098
8397
35816
11712
87773
47579
53391
69314
66928
5500
49685
50323
31065
86833
14703
46914
60344
60428
36306
49717
54664
67176
24888
60807
58079
30651
60418
30676
72512
50086
78398
80223
11983
293
58710
9130
22535
4611
50146
29667
32668
53454
89520
45736
11210
50068
13920
69352
12810
37114
51291
58431
92913
78750
75060
43445
86977
95698
58526
27248
88569
25435
15689
17164
35198
46651
75562
513
61054
89295
74234
25498
72002
78057
63869
26185
91927
82515
61022
67284
7329
85198
30396
30691
44162
22977
91702
4395
75241
58981
82992
24359
26409
97059
48400
47965
15417
38483
42038
17830
30180
28301
87276
93458
23630
97863
15822
62163
32182
94036
12797
6843
34121
32910
80241
10723
50105
4587
86721
52092
99256
39839
97374
17756
29831
96667
22363
94984
37361
48448
68271
84768
42958
11315
66208
56469
77934
89593
46107
56820
46394
30578
33846
44879
9145
78641
83063
13436
75845
28336
62419
65327
80310
48153
29781
1482
61343
42681
5779
87781
35536
85504
38238
71638
74647
81808
80665
25483
85358
24880
36043
9938
70939
78323
73107
26274
43198
28342
37977
67067
23480
35730
16568
19158
61441
32825
24884
222
53486
76882
51746
30826
13919
5152
14211
33846
22676
55783
82411
84274
8402
85453
60281
85833
39485
92108
17841
60992
66862
4771
50650
89943
88757
65201
92678
50625
5
38078
26678
43951
86664
66221
73414
17829
78455
66593
46170
62721
31078
75982
10773
91517
81126
75940
35439
42368
49907
14568
38306
5707
24241
28741
57637
49814
22457
19279
47449
3270
64328
33371
90259
76181
19003
13003
37275
63329
77986
97278
62488
90399
8213
98627
43484
49348
96724
32633
38387
79838
19877
3041
4443
43387
29378
11478
44100
96964
99133
12575
16386
70509
74457
31096
98524
84640
61493
55032
32823
55422
26822
5932
15398
24730
11735
10282
19528
79275
91166
82644
71064
54074
77960
85954
886
30167
41418
65360
8362
70149
446
23266
85637
96433
99231
18431
7282
38456
67315
3252
30536
60324
45158
83230
72552
31645
38784
11154
46725
87385
66251
80515
1522
42093
96721
10109
84920
10023
64998
38307
43480
26509
8220
99583
50712
85722
47219
14000
44977
12285
36622
98466
66332
48489
83755
90903
90615
47639
83531
90749
23888
66142
27751
43884
96103
97403
39434
88309
24238
56966
31429
674
27446
28717
8177
65354
43898
14234
26632
42027
968
98240
53042
60004
6654
95131
41539
23559
23393
87685
90560
57611
83277
7325
69623
2459
59713
866
56830
60482
21851
53744
53553
60096
5293
76246
17019
29316
75357
205
2271
90313
35008
60526
47687
15989
8
56153
52405
65810
24941
7548
90391
74351
42748
42883
27850
20620
7764
93440
79899
25128
40714
59939
35964
38031
28014
47118
35068
92472
18294
85033
71859
58286
33518
55619
91811
72682
19718
11650
8942
97134
49460
32832
60929
55912
18960
13042
73240
35530
12736
78446
79241
76972
69634
524
76086
97656
36297
29304
12380
48923
73677
53339
81548
6517
93353
60001
24678
30378
42601
67708
11948
99594
11104
37262
11864
83712
45455
92852
17374
16771
35302
4253
45791
84222
24446
62877
97096
62166
76295
84729
62350
29969
45992
10310
89709
50956
61834
33840
73083
62061
20058
76258
80678
29814
82233
34445
96712
51469
36079
54923
96137
82300
56522
37545
27786
47271
23880
15694
66518
36914
32867
82396
28393
38379
33176
28094
2015
30644
76049
19364
10630
1038
41241
57784
4752
15558
20015
18261
50806
28556
34515
20592
55149
5232
84292
69756
67446
21509
26521
17056
5372
98350
79674
31195
71200
35005
45804
98596
34117
40652
12932
44123
57097
17489
19403
20948
26023
83439
9576
72736
48400
29233
47191
39565
68865
67942
53026
37285
6026
64757
25087
7576
5544
96309
53191
61731
6723
1798
47194
4141
66961
94195
39292
20250
21886
50949
53633
47976
72542
27640
50574
22560
95227
43843
72059
36378
16569
92538
7364
30275
24119
67643
61287
46525
57458
43782
51443
82165
10493
8016
88827
86133
86046
14923
71336
88802
46639
95490
64373
20912
65135
48691
46599
23545
19959
91433
72056
15133
81018
96228
86955
65564
58343
40373
12053
67873
3497
38378
80807
65047
15810
86463
13594
92856
65230
69493
16507
12494
85115
92215
78290
56838
22866
83111
13963
50842
73483
93501
87751
42836
23316
6705
97480
56906
32298
50670
20424
8327
12469
98313
33100
9005
24971
25834
39210
1746
39692
42413
60117
99409
33270
56667
63021
72957
55772
55821
35238
75231
16789
61250
21747
92613
19823
68093
94086
6116
55719
98532
9807
82013
39014
41813
49105
975
82108
40012
22933
6485
72900
13567
88403
83201
38485
47831
22973
8422
76529
99229
18731
46184
498
36375
34395
76348
86970
63470
75227
92477
25911
74088
36085
76030
26863
40458
83669
53239
21342
62827
24140
18168
80719
85853
90114
48152
2013
87416
19474
80158
4882
51463
73131
7660
95434
72623
61125
76017
6360
49812
13537
48215
20482
49988
85580
78440
40096
8806
32320
60764
3558
3643
90362
87590
25810
4730
55815
618
90021
41053
80983
812
20423
42976
13866
49159
32865
49977
97843
84259
1574
94073
90183
70749
65082
16146
882
90663
20662
53745
59224
26795
28008
77826
10803
56193
14324
57977
89613
31545
12557
2785
7130
21102
84048
84201
53242
24838
14134
5829
32040
89025
90841
20511
77620
34571
28674
17561
49793
92536
13436
37257
37487
59733
55735
46444
96325
50448
50784
8181
28294
9217
48658
89976
57301
20783
16114
82457
18284
21044
55691
55554
29585
84068
87676
7567
88355
86300
40563
34536
73949
60775
85422
78661
67117
61077
44531
36210
4787
63214
93922
43746
90457
