10505
27656
89702
5238
11948
26310
36460
79829
4251
10509
6002
47299
78942
26309
55117
68595
81056
48721
8958
52307
72693
13553
92862
84209
59285
57892
3373
55624
36267
16703
97897
87265
70231
13998
45871
19576
45612
92458
88901
15329
42215
66614
96417
25363
28831
81999
38748
72448
86848
18214
66345
82462
71893
64440
19337
21186
73049
52105
60754
28915
58108
24215
40807
33622
19076
29887
50613
71634
80717
84247
99073
25643
55364
21082
1149
45286
70917
34781
12111
84036
75046
5529
68917
11850
69498
84122
5844
89070
47590
33994
70484
5763
98875
86023
49088
78310
75230
12050
64408
7205
22248
65559
162
16613
78594
25742
77283
41926
95970
99059
6107
15302
35923
49388
82654
26271
73465
33568
14335
3816
17250
67299
79111
4677
28914
24072
25444
50439
64211
89058
98294
32467
35212
61455
79908
18679
26499
98959
24380
98441
93137
82932
3511
70269
13464
86662
25762
53134
38803
91387
35541
80337
32024
26334
17751
16784
24810
10582
57192
37906
58812
72533
37506
67626
52521
3293
8743
46401
85912
95337
47705
7771
9559
26367
73268
65505
41368
74162
83563
97042
57441
31627
21535
17272
20310
92231
95124
15735
42590
134
32883
98766
29842
19567
71293
85904
62546
27433
66007
43329
5540
23536
89922
13826
26069
35949
69251
99218
3851
56679
97350
58275
54969
5209
10323
1737
60568
94476
31319
3268
54300
25096
22143
4256
60621
78420
6920
24794
72784
16280
72756
56341
39015
81318
51868
96670
64347
77899
30209
47719
26484
22078
28020
94596
61353
17773
66082
7954
8568
55601
71169
36829
31815
52192
79715
51425
47242
26811
26596
66019
81901
74768
52684
86624
34512
16845
68080
11651
62887
34010
30849
25874
23079
50796
29173
73298
42362
59354
89476
78970
11178
94585
25144
1048
15450
47580
45780
32633
90529
54521
26908
96621
57735
8182
27186
41590
14017
23036
51359
62433
59793
36166
56137
51188
56711
80478
32981
7289
52643
19379
17834
18207
29401
30067
4652
50037
13862
40544
49365
11621
3199
46460
6265
77927
53468
39840
37096
53533
17359
17696
53096
61798
1066
77616
59108
19777
9166
41375
48996
94349
45862
54004
12312
49502
56713
98227
55033
94633
12416
11505
86739
62873
21769
12200
99099
5524
43988
88095
51977
22151
829
3666
93531
86350
81680
84720
25344
4662
6420
99668
78963
92822
1236
51891
7370
90071
50621
88011
2474
50552
52794
24727
84728
2093
6070
17287
3812
27452
14251
4587
12382
9904
28844
60249
68247
12993
66956
5431
44003
83789
92087
1808
46411
19612
91405
26518
96669
60386
30572
15173
73301
89638
30344
18194
70362
45532
28623
56150
61336
46023
13557
35181
97261
27231
91048
6890
2226
66717
39523
67726
38790
38438
82494
91409
19274
268
59680
91009
68475
62952
80696
25155
52967
8640
82634
17174
77854
51444
7086
83505
81629
70078
55815
24748
87705
49411
22039
82786
32429
38803
89414
67576
48691
57533
62177
54778
49449
13532
158
74284
24844
93314
46211
7148
41279
5321
40595
92569
56756
35165
41390
2833
85081
88622
30670
62723
47081
89702
83102
2862
49474
53420
24632
48092
79409
67208
10311
7193
94134
36373
52310
16303
97085
34580
96520
90401
47977
34285
23846
24882
81873
90084
37107
40862
14549
54620
83507
75156
56743
14758
63719
39328
66359
53245
69212
80096
51432
69487
33062
97518
53832
70457
42041
26160
87734
12102
86509
64138
2498
38063
67655
17863
90555
5087
74784
50181
25136
35753
14607
92135
94367
73428
61376
61202
57043
29463
44360
35625
39987
2822
35610
28059
84921
59349
46289
59906
84883
34640
71536
25525
92271
73186
94322
1916
68854
53722
43712
6407
47767
55143
96559
14521
42527
61839
96921
74086
95816
11221
88450
38948
51448
15130
83903
64144
31868
14047
9474
95735
3994
71898
26379
19160
43074
19751
36802
94207
53471
32808
22733
62879
14096
70776
88757
13407
84576
68630
10297
29006
78524
42806
67844
67621
3219
50681
10594
62354
76749
11343
83713
88566
78444
81749
94858
98546
54523
48786
74836
51068
91837
9568
55596
77148
6937
36380
5624
63272
66490
23183
75307
22007
53603
37367
4758
27884
8118
82452
37112
54979
92299
11994
95512
65376
73802
48246
45771
7157
81389
65247
48145
91545
64840
77613
82519
94804
51472
87183
91827
51784
63178
40068
73171
8325
5018
46364
70509
45728
36734
830
48094
67520
61767
62483
82754
88569
88796
36207
78435
51880
2511
27214
9658
90936
5950
11735
93885
42147
23821
90955
2811
45246
69826
9564
24404
81656
32161
10910
43007
96730
67474
1070
90359
53350
29556
15028
48310
95639
36181
94985
19937
93641
86847
92619
8518
3705
90184
92607
34019
24308
30627
65471
71208
15500
13660
97857
91007
52590
32672
6167
30906
65439
82410
52844
72144
35387
30922
91611
1982
75375
46162
17297
225
1733
63866
66715
85212
51674
23380
76780
26720
14818
27866
28867
13124
80791
2157
22446
55986
58561
99748
67980
79735
32325
39166
34829
55873
93039
86710
56355
94274
65424
81219
18531
40543
18017
85439
94099
81585
50006
8968
88792
73508
3124
85268
49544
14752
64516
96185
19936
9124
70660
91406
64552
34089
73550
78013
93075
34595
81432
9355
4274
53296
5714
28221
82695
8639
86667
42414
41618
40125
6733
80773
91556
14172
37146
32272
37722
16304
36216
78459
74759
81842
8451
20345
76653
54078
13755
45799
36231
87770
76668
35639
42914
73574
98481
45884
68854
52350
32098
63855
80308
48443
30065
70670
98
98943
69914
88057
14016
3421
35647
58921
90441
89182
8573
64421
5159
55845
31044
36494
36189
16843
70245
76995
32712
36372
59621
31618
79054
38336
75970
50653
42620
73069
17429
14203
49644
397
8389
72161
61096
77007
51373
15832
497
30823
77579
87980
22095
56372
32491
4425
24684
10209
85708
52593
21211
22380
87093
27918
10504
79826
3481
37696
63987
99252
5648
67204
73551
39817
76257
811
35823
98775
98127
86615
36213
73532
69736
61580
24818
69168
99869
7394
89021
4374
25797
20792
55518
63644
89910
65486
54833
75490
1709
85674
94650
16156
44679
23131
30217
40555
58622
12942
77924
37958
47615
61294
38460
74049
98184
58518
87513
38601
63361
2970
81989
88881
61286
75809
43419
69753
64331
49141
63515
16914
95416
30401
36547
60891
68137
46489
22386
68694
56623
70934
55650
79556
2360
49124
26274
23384
25862
96687
32921
52721
99532
35015
20771
16906
8181
72279
39295
57539
13915
97770
9796
98859
23328
70991
68292
11882
17999
4919
28133
70862
53063
22681
2710
36543
10995
20640
43462
57296
89328
52822
60841
80626
21769
32848
31039
35552
7700
15581
63793
85735
7331
43053
26253
13483
59559
98203
61508
30216
10037
13029
26007
88885
85008
37381
12236
28475
52380
66834
1019
32908
90478
66938
89208
67468
36548
71805
60217
30474
55794
37474
40260
60289
29629
71702
35424
40974
963
63590
41691
39985
84343
52670
77224
59773
98806
81666
6934
90183
66948
4517
34780
66021
48055
32802
66089
45809
94373
93089
3655
60483
16732
95941
75539
89225
2982
46787
40551
61815
40755
83181
67704
32862
5656
47685
9868
62988
24666
2488
63180
8173
11195
96647
94448
80739
69474
10063
1492
58123
89153
56193
9092
34764
64061
13018
76729
63259
96831
50467
30490
53362
46437
27545
36006
41468
91891
7200
49166
8533
60421
71996
43255
2353
92882
79922
31321
22386
62546
40502
5643
66043
40136
74935
74776
24487
10400
29188
61825
1935
454
10474
18031
68237
94125
91926
80830
13834
9877
13579
74811
23090
50702
45375
8628
17699
554
16464
36407
50619
21567
34409
3232
50522
61183
79605
36844
19565
53314
97257
58545
29958
39186
49912
41346
11870
5345
8184
81671
38948
87794
36268
62210
25458
23205
55488
81554
63092
15850
12170
28060
16209
65177
10405
60403
14905
55569
57689
76297
54228
5998
51765
8869
4836
83680
95608
88708
98798
97358
97978
22284
47743
37170
56886
62823
99121
71566
64949
508
67089
89628
47187
13509
35897
35773
48419
44619
95223
17262
22584
60339
9401
79173
26164
52471
7598
9907
24077
98260
57013
43888
8669
12745
78777
79490
9207
58877
51560
18912
51088
97482
18732
20277
47634
56191
54820
79867
40411
76972
52110
53826
25819
58311
45441
83886
94384
34899
83471
59464
36037
49794
61450
41378
54581
12041
7956
22987
51155
52753
19459
51503
88389
92998
20829
79073
63474
11982
67729
25741
10205
83066
24929
84988
64781
79194
90357
30598
15386
31728
14747
53219
11542
39121
65649
83939
57135
75732
25386
39215
62391
58366
45658
93499
51338
66416
66594
21148
37116
22354
4517
70261
66251
54633
94545
30426
8965
91072
50565
92369
67074
85344
12728
51064
30918
62747
52729
80316
15363
58571
40704
18879
15617
44466
85215
92385
33455
48625
83309
70757
81609
64936
55473
77292
46093
5050
56365
4575
79979
12650
85205
53033
68444
53781
78086
21494
10700
19931
38354
13993
17003
60476
70206
49191
59525
24424
528
15146
93652
6069
23824
95253
45715
10460
9703
98555
5378
57513
69196
17938
92333
68329
94770
99380
99212
8255
1415
62557
77828
58121
27328
77037
12334
55796
51866
10195
59627
97500
53842
94130
26561
33050
34818
65411
6709
15520
99570
8700
19809
37431
60340
33689
64877
36872
299
8292
13216
89315
3996
16489
93403
81463
78500
25813
66756
29652
92039
52445
20527
93786
76054
38509
9811
19204
70336
509
93688
38222
90114
42874
48493
35735
38803
34760
23105
80160
17611
93105
32109
76658
75051
85905
29087
28245
7075
77043
28349
20526
85611
25824
4344
25900
60750
58341
13017
37708
3577
46388
28668
14205
86605
14644
27667
53755
60661
42587
92373
7893
17466
82339
47496
25579
44210
55388
10934
6560
67503
9820
55556
94389
95669
93060
56828
64509
10133
49050
57238
19708
74849
52466
12070
31372
66171
55976
28622
36197
77489
92226
510
88475
18136
69495
76967
49056
87257
26928
6420
69634
59263
3256
72076
19756
49555
89895
25967
56697
97366
10496
90035
37708
56817
19622
78907
81454
12337
33753
64711
41469
35550
30453
54766
38250
38155
74278
39953
7817
88849
48092
41940
21615
53026
69739
81848
78823
14075
96820
78388
84822
34995
12421
79414
38701
67767
59711
65332
18958
63676
90849
54265
90976
92767
84501
6731
80961
43460
25430
97340
61984
71271
56598
69328
55843
62398
22128
23502
24767
56370
23921
39332
12676
12490
58529
3410
18588
36619
48296
86919
7942
81828
62599
74726
98237
5926
49366
36642
21518
80772
55417
38083
50600
80654
70189
82645
79739
48517
37603
54579
93494
97788
80583
47419
20440
78516
64481
97165
58301
33858
36966
11101
44788
8678
99515
29816
15798
59932
16661
21060
45596
29102
26102
94025
54689
15638
10423
16820
14980
6327
97558
45621
67672
47797
82290
23622
86222
77814
72220
55609
94533
17439
9020
38722
27852
20943
99421
61183
13146
74244
66212
80735
9784
71488
27665
89628
83799
33426
43403
32874
53724
2071
72971
26002
52663
99167
18728
23534
48303
51934
91699
66866
57182
96755
3128
96591
8570
76403
23619
82498
55370
31895
17868
24088
72352
20569
29172
64360
43839
76246
64921
44497
32663
25588
56793
54890
31098
6837
98448
14420
33882
67667
97257
1601
36812
99687
60506
29425
28623
33404
58615
2694
31170
2227
73422
73710
67922
19479
42876
88156
5250
39737
4844
67424
2018
12942
74462
90767
40368
2990
61180
4435
44150
37099
53123
31577
94358
22205
36133
45453
48386
91852
63752
52280
81654
433
43381
19840
54324
32241
17587
53124
27951
26244
97207
56334
81587
20714
52192
90516
53398
72117
1870
60794
12501
20022
67450
96933
21391
84001
55035
39029
812
97387
60206
1479
20124
17412
2086
10046
69167
66153
83349
41871
26377
49580
81692
14627
23376
22070
50508
10489
58554
8569
97473
53141
93561
94482
90536
60592
26491
59775
81101
69940
58405
91473
54963
25224
214
24751
78845
50649
89400
60335
15989
3813
31526
52748
40843
54591
43901
67605
26358
94230
84719
14602
44075
86112
70310
40728
18095
98161
22341
54927
79392
73474
5693
84767
44347
89693
66254
5305
84115
96581
4593
93962
17638
84803
11674
50066
99384
99918
1258
15649
38258
59147
14774
28945
67131
1492
1271
30150
93253
90494
59202
96969
71296
23067
80633
97808
94499
3844
72559
51733
21790
37028
7527
62000
6820
62809
64359
23147
54947
78849
53881
86331
44019
43240
19286
90615
42051
24831
9878
3067
35565
29543
10710
46814
52843
64473
19555
90673
14749
51118
71821
9582
15281
47749
28549
40292
38487
83937
1107
54110
73204
92529
44298
88409
49447
85720
1366
38026
77940
81886
45768
35082
98497
6922
65076
8077
28693
81890
31954
68880
69684
66694
85800
92212
67269
53463
33391
47583
52917
76890
36566
4869
47618
65522
48707
8244
77459
47216
1666
19619
10982
88456
46723
24647
61057
96721
50724
8109
33786
57831
90019
56157
48175
73744
51448
27576
99841
97893
19066
45539
62612
45656
17885
52291
20401
93855
80590
61193
33813
54517
78442
95629
50996
92899
64034
11585
95283
95447
50495
60824
89386
25431
38981
38924
3931
20604
15208
48120
71596
52518
30794
99570
39734
18221
56686
45384
26076
60020
31269
51610
57068
21203
94954
30858
59886
99134
55932
28780
56730
80489
6156
48971
43770
54269
12947
43548
82860
97094
65247
58218
15991
21718
16129
96254
16213
40524
29795
96330
81859
30701
91257
93189
31810
56595
15286
60450
59879
5424
38322
54118
47592
63543
41044
65072
9781
93763
90216
32579
74135
41899
2694
91572
77900
68285
84894
82318
4428
44046
83262
43819
67625
77705
64607
49486
25798
17486
82896
43385
23813
28131
89568
21296
34742
51841
5797
27457
87635
18682
28904
18418
66746
95878
82656
73877
97962
70880
31694
93561
43180
20964
56277
44392
95275
45286
43555
46832
63812
98276
28916
1131
17739
32464
48946
73459
72737
99376
10709
24754
84827
48384
89836
82059
66057
75130
69423
62438
51411
92991
50221
35085
15327
72528
74886
44861
62005
88619
76779
32980
75779
86362
73048
92792
79573
41593
86981
40292
31646
99144
4938
65808
63749
50829
44691
54179
62304
98957
79963
86689
1115
47251
17074
69211
91240
22106
44927
13122
26218
53372
49851
87344
21612
99446
37750
77034
72316
44374
91233
57956
13238
71050
25204
85121
77125
41430
61660
49295
21692
4927
29210
74501
69956
94712
28345
97245
56247
405
50504
45379
89784
45469
67687
12824
8725
51922
1230
20507
97321
55357
66696
87444
17391
92455
96887
33041
69383
54144
46599
8600
30069
92935
54277
13210
37089
2220
99853
31757
95694
94510
14119
2704
82134
24930
58766
4978
54281
98210
33997
25915
41735
81617
46912
74213
76638
21427
51765
40680
83456
51778
73390
77222
26315
95279
23210
87943
60040
41840
89631
69577
2928
77612
37647
20218
20765
22926
45508
35780
43402
42280
79186
66958
81799
57310
34101
15370
17502
37597
78110
27658
54492
33772
37468
57003
61724
67439
88741
62728
73431
21269
46522
74563
22719
76486
11173
29222
2041
24518
93241
7296
82367
53473
55618
41195
53980
46234
55962
80777
88321
61388
62192
54062
132
91744
60055
33499
53636
96668
52007
81732
22981
96535
28867
36857
11365
76224
87149
60058
3533
38347
59800
31514
75499
14643
64566
59077
64964
96045
76706
45237
4145
16401
89592
29647
40824
88528
38148
96637
64518
15290
90764
72592
1322
86232
35286
50719
29737
42841
26726
70943
40135
75587
31239
19312
28472
52176
29742
69439
95128
85575
26281
35265
24571
40687
71252
16907
99624
99724
9960
56899
80133
32315
4335
34764
22540
36186
39903
23175
70732
30507
55566
67103
66019
3227
84352
86777
27719
52186
63440
16851
63921
49461
8083
97800
22326
4183
14623
20950
97722
62487
21946
62088
29579
24562
14399
26856
36600
19150
64352
693
36045
20192
2714
91739
65941
73549
61415
59121
16072
42745
80947
18251
9619
14065
45570
97294
33484
66057
43460
25335
68516
43814
97907
26874
25410
36050
13004
30048
73609
72215
55620
66379
3681
85124
57885
71129
69360
10021
17838
24183
46013
25181
39687
35327
29909
77180
21475
13373
16142
93569
84554
99580
80690
81036
59248
20611
73275
92968
9166
51333
56366
53356
96727
20753
88835
95817
7672
99393
48984
34006
95009
41133
41422
31429
92854
64453
40731
39695
31211
55666
36119
54262
29129
36610
58299
97242
58033
1867
57527
60747
31565
34498
10112
28106
16244
53564
38242
52849
14165
50019
87598
64906
53443
54466
45316
9141
79608
44810
88915
33288
63611
8609
30248
67341
28102
43286
14065
77915
21944
68552
25444
25719
35244
70079
5588
42675
12941
53038
76086
7646
84884
77009
15139
58043
39428
91728
5545
46152
25714
84947
4617
19641
12780
3003
98729
23844
30252
69018
83799
14157
44965
20223
1032
47081
16585
54906
55271
33104
44841
51732
34956
57586
65091
62051
166
24931
9196
97494
57578
5358
83801
16588
94181
75435
65063
11767
29012
89749
41860
75395
20895
60589
52518
58973
54260
78390
19834
36495
4156
70770
89901
98591
71871
81994
67020
82843
19693
410
48465
36549
17214
74712
35766
85663
17066
26759
512
65469
32350
33713
49741
10501
96261
1203
48430
81434
92844
23641
9678
1508
83515
84233
19794
14646
20818
54793
73446
85530
18039
97522
65543
21540
72525
3414
45503
74579
37669
38622
71653
45875
85434
64445
31052
66397
90586
25241
13072
74013
35155
10041
93697
91245
10365
81986
60783
44557
22006
76338
26533
62034
72255
72751
54309
55445
61130
29382
14871
31496
45387
72936
50225
31019
44249
6681
91967
7704
91793
26613
96015
88914
26063
76456
69392
95451
64073
41328
84673
89048
86464
73058
89811
42630
46265
80462
84801
8139
88621
39217
12868
73652
5132
79722
52652
86910
64491
85248
34780
35270
72670
81946
3297
71167
71286
43578
69276
42462
71016
73845
88415
69959
11703
83841
60377
89809
4553
41876
93340
53554
6715
25837
37299
88260
88098
17018
47491
69771
9641
91034
96800
77824
4345
74565
47417
38406
78434
69164
82700
92654
803
1849
51224
59968
83767
1996
47126
76618
67645
52638
86655
94065
80325
1230
68379
55666
29565
50477
30778
67443
84266
82801
20689
29679
19252
92792
13852
96660
79075
17283
87998
43179
32114
50601
3191
39474
68823
98921
49026
57250
80500
58356
46957
87278
99418
56667
23010
21362
23036
6788
78423
90322
11714
57656
28407
38005
82576
63624
85370
10492
91749
52925
94419
12497
89053
87303
23276
73572
69515
94278
12278
39347
75671
7891
41425
11440
53797
92232
12468
78578
43281
87137
47147
26429
86272
40628
27105
37458
39428
99996
44153
4532
58133
13476
26358
87562
39597
89818
93260
34307
60595
59746
60904
26154
69017
60201
96845
68484
48963
73035
94170
38799
94244
79015
46096
22588
35029
10374
34889
71283
27151
37576
2169
23666
72684
67822
46422
70475
64411
49971
15965
85829
89102
42250
70701
21831
56762
52523
65261
55448
20062
36552
9752
88537
80388
62445
75696
8087
96146
36807
10606
43519
83504
27993
7310
58370
45610
59150
90530
35549
48342
96114
67891
54633
43934
87561
63824
18884
73029
80720
59757
83037
54747
21002
31904
39920
91789
98850
45459
73746
24106
20685
48120
71249
53203
61657
51924
30505
18171
95571
78914
41334
31555
61400
73498
40674
35497
68767
98478
75050
77236
17614
76634
60661
18304
12134
83906
61935
82761
49879
80854
95161
27270
10792
44388
54213
31503
62886
52119
21575
19149
92650
87364
94031
65180
2397
28794
30007
93172
61639
84210
79096
8310
97432
79939
55119
76921
37167
62273
57768
37093
78864
80834
64802
50743
93604
75288
45058
68783
66884
44510
77404
89883
98733
52260
92629
66300
66553
46831
66757
28985
83993
26177
53444
24221
74394
99548
96386
8219
85396
18409
45468
93653
4205
45024
75701
31453
35446
71212
40985
82217
82174
71391
85861
83144
93704
69898
6563
21479
36350
90353
9319
62410
41278
80952
78810
39835
33712
3229
82474
11348
56901
25693
63248
14125
78868
11683
26840
85353
91852
61453
67299
63066
99167
48422
61620
40195
84826
28193
96539
59228
28094
79769
77336
57041
93309
63834
84041
83749
68407
33182
87252
81458
966
35584
5550
25217
72243
94844
6646
61182
40903
59943
6314
86002
61374
31210
63734
15687
60327
31487
86346
47314
49220
24949
73441
23739
91279
24603
46604
66319
6201
9158
372
10023
46372
92974
14329
71322
58475
14599
19624
50823
63311
60410
75509
47995
39847
97498
77897
94031
42715
72906
37997
50613
71812
73450
27946
63441
47508
45541
34417
6859
52376
40093
44518
10931
22924
14290
43814
54814
4647
71058
47682
40097
2720
42804
1614
9771
45922
84948
73286
23742
44864
76225
78258
23893
7374
69852
8059
49424
79722
75789
77703
76949
35179
77652
8074
85146
44610
66483
46173
76861
65292
85134
63656
19809
7354
88755
16072
17044
59151
2564
42298
75166
11094
77194
89153
56490
19075
9479
54150
83183
76621
75425
29380
20552
34898
29335
31876
66559
13394
36502
22843
67054
59869
89888
27045
99659
60204
41482
69502
6342
54410
39246
15806
81611
57489
40975
8294
36151
75574
11159
8820
32586
2496
93179
98625
92333
99204
99350
67408
97670
14351
274
28823
65912
69536
53331
71622
26601
12189
94427
68816
83132
95319
10283
184
12162
46248
96590
84116
80792
8837
74863
54489
52576
505
28999
33484
45736
78037
82110
87221
62177
98573
18524
49274
59693
31308
48904
41951
15467
44331
31576
25307
14454
86360
33512
81839
71610
80103
86138
15339
43759
58311
79140
18850
88489
27311
10577
47719
79784
39209
1892
15063
75985
95887
10721
52320
95355
80125
33817
30446
32227
57742
92808
85742
35226
78995
28485
18138
52018
69106
42916
99158
11208
99305
41839
71706
38863
46691
65184
77549
22697
38325
30159
6296
55123
51407
52266
33753
42543
37963
94543
85370
24556
4960
14842
88236
7017
13128
44225
20024
58716
87726
15937
29304
47967
1514
76252
71462
24692
66074
85366
39876
65723
12132
80789
3159
9727
35300
97215
57153
9800
8789
11403
83671
83561
62022
30880
68532
49663
46352
22042
23460
37202
98602
73928
25642
26083
81495
36809
59515
88875
65783
75234
20346
38292
32055
29823
27713
51752
20100
91696
11234
75545
97331
62938
49839
8184
77344
38329
14717
72001
57282
6592
44347
26080
32108
27549
7452
62301
21298
54091
8328
21726
63097
88723
13773
83733
45476
35410
90845
82633
68534
8713
57624
12732
18641
23641
84642
51717
87435
44651
72971
33120
5447
69445
42431
84526
14301
82346
7510
46986
35810
92771
994
36742
50337
8345
80741
83787
24327
94161
26598
29035
54567
40777
30492
74383
60823
43908
66146
91218
13598
48656
10259
24000
58243
17546
9569
59912
31475
50151
80691
86383
33383
84047
35523
27013
9780
76240
62471
54915
34949
77156
12013
71852
73166
28073
10157
76656
23267
43229
25946
45235
89007
73902
55141
26527
40417
92534
7673
43901
22598
7020
989
60321
74793
28391
1704
42052
55793
549
1139
23208
9321
39980
43418
16725
41841
14209
30819
91661
19280
77263
39786
28558
83211
28888
4285
78879
4122
40116
86516
37494
84328
40760
41929
36972
35214
80808
48230
16958
19313
6232
96360
11828
82919
17882
58236
61869
50051
5289
30161
79229
59721
53468
93235
64776
46238
50111
46390
79995
63813
24377
86549
89827
52773
77249
21990
43581
81075
66463
7696
45248
51473
33675
21300
76952
47620
70974
66684
56391
48009
16429
32698
46007
77615
2713
11162
68251
54919
1701
87906
38334
47858
91545
398
87563
73266
54485
96336
90578
59983
74286
38638
10498
58073
85289
93367
49100
8932
4189
63048
37230
48548
74552
55264
24865
43864
48291
76843
83059
3628
11722
43190
92465
40687
80338
19595
37131
1767
37034
39412
57971
93745
13899
28266
53787
2476
53498
15779
42182
17290
48289
8325
80115
43471
41217
49090
20505
83589
97498
55105
45771
90520
64589
51851
37823
12621
78712
9158
94251
78020
44226
29975
98639
2282
39401
47998
55815
56702
6144
54640
36335
28090
69042
33310
3099
46413
4589
14082
84478
138
83376
25643
20056
32756
98765
19828
44305
83630
68755
24279
96981
72925
12559
92943
48676
80728
13695
10049
22706
29259
29006
47839
8402
8142
1621
69270
12243
96686
33312
37281
60566
97338
72721
21034
58127
9343
83526
61207
52338
56345
12877
66917
77849
88682
52037
81412
7587
91011
33588
90449
90210
69302
9418
5561
99587
76320
80494
83212
15221
43690
47012
1976
57948
58507
26980
76261
22737
1603
69297
44667
38164
27502
21632
66874
85033
14253
34779
79581
51837
46262
9310
73808
12707
62376
18229
38624
91472
88688
36275
54025
50731
93548
77913
59352
51228
85955
22695
74778
1913
43728
21905
33115
87863
22168
67005
83241
82964
66320
71075
61130
40718
24132
73381
60505
50754
49782
4844
78641
17518
9629
55356
5119
68772
1278
70089
60003
15958
92263
32527
45569
62353
44153
1145
28784
19801
93500
60410
18442
85758
44337
69352
55134
7259
29040
75729
41804
16762
26205
78449
45658
43727
18826
46991
4577
69489
42137
81006
41069
74364
23477
69449
30889
81232
96679
48294
31913
77426
4793
69042
97926
69171
63462
92363
70738
38526
20957
62380
4740
43891
71867
85526
65309
99529
27972
55134
99473
16770
70100
66085
59613
16327
38545
36406
41564
65997
11308
62788
19689
81543
1526
86624
86949
49635
68606
63787
81653
47693
83977
58011
71867
82621
18265
79572
97053
70367
28790
40254
59116
76308
77302
19204
58934
17560
17445
75659
74376
10341
24788
44091
5434
49335
73997
20431
63840
71937
86882
46220
97551
56322
15337
16546
94305
95338
32876
39104
57596
92042
93551
82107
38747
66802
16683
83748
27973
99174
30415
21001
18402
98323
48833
46278
59637
80045
55999
51749
40439
88409
63493
65775
40794
29413
66776
63828
688
34464
82141
76532
44087
22454
57846
68428
20763
31556
61312
70210
77518
65708
55697
52344
8858
19599
17872
98215
1719
2669
52677
76830
17742
82629
65149
26585
57412
5579
86884
40115
11861
88536
98520
74508
46409
1029
27894
22512
65340
40582
37419
22546
11778
57463
82997
83097
73946
24140
21801
19627
82009
27596
49349
65194
91848
93664
27128
78120
54767
7511
91669
80475
97977
26140
63751
60714
62665
81252
2241
61586
79725
54782
18190
41211
87444
99395
20988
53838
8389
70625
18978
95781
1234
78594
30593
1030
8288
81407
64968
12760
50369
37093
66619
79397
6638
17495
93072
32894
9300
67501
11525
25314
95812
72595
17442
15354
18143
23327
28733
88595
95293
96592
38420
65269
94102
53711
29523
4481
72102
48095
4916
28169
63178
52453
88696
34372
38739
91053
75804
93299
66003
99118
20641
29051
90648
73187
62089
94859
23793
76652
25325
77309
15451
56678
31443
49050
45781
56028
57481
99127
49070
44919
11184
65193
45820
14759
55955
88642
94594
96252
88654
43768
73783
56117
95303
29849
74975
51192
94049
96796
40485
35109
82072
8069
55373
42838
88942
14116
55672
21735
25064
2814
97578
83535
38849
28403
4686
61622
42144
12371
59109
55730
21398
24642
52482
9811
61931
97351
53272
76543
54556
94219
74509
248
44104
46878
78525
46564
68347
158
24662
70761
13512
4822
30381
30857
13646
68735
70189
50473
73462
50431
71464
28661
11429
6737
1636
49377
84996
18200
15684
82794
27654
54276
12950
61932
65803
6122
63507
92933
62785
58957
24093
25716
28075
83061
26579
2208
73042
62654
17420
4080
84436
39934
35099
36301
9887
32643
51521
22316
48486
54012
54668
58259
64912
62433
61171
45906
73663
49582
87410
4166
17161
39653
18582
44764
52649
60193
41137
79722
16520
91482
93458
30402
63367
26184
34408
26389
25322
60786
1740
85957
99017
56347
40682
51446
45457
25586
24721
16059
71493
92234
17047
95320
49993
40655
93411
13463
12222
19216
86254
11583
18409
47919
82237
71575
79246
41070
23858
70747
45638
83101
25515
52087
42130
79848
39134
80223
49315
90487
83473
22454
1727
27051
90464
9004
33766
21998
94597
60461
47243
93938
57458
92569
4619
45347
80690
5968
68520
62233
34187
47766
39243
31178
56758
54372
39748
78007
91827
92486
91026
3606
14170
45927
77975
95324
61151
25947
45169
41018
71870
1443
7057
81622
27480
65977
7662
64471
22322
13348
41080
14180
59629
89024
12175
96058
17287
6982
82158
34245
1843
32738
93567
80458
61754
97796
4599
38357
53509
54970
44066
26028
91846
90579
87694
63226
88412
39635
37421
74064
78817
46077
38592
23101
55140
69947
62393
75747
5775
64616
40296
350
76769
5890
68003
25708
97112
58621
73518
28167
79436
41085
87816
66170
17408
23111
40539
51998
79378
61806
59580
45064
41918
7277
32829
68180
62651
82706
90098
1661
51949
28311
87577
96103
90035
68250
45538
53948
94036
96058
29220
6657
5721
80764
2894
67387
44241
3816
19348
29015
6875
58001
41048
90967
42596
65923
59168
45426
63156
31147
72204
51534
46808
12639
68158
76826
84710
84665
82225
68874
80377
96290
34912
39199
7947
50898
33284
62024
51872
80534
32690
97781
16924
9453
61259
73100
51474
80443
38854
64627
39758
46073
70913
64615
85840
50212
66957
70373
79293
2725
18950
82447
9862
37549
74979
87578
10962
45216
68063
92139
94790
46421
28156
37833
34238
69696
76843
42107
98147
28041
46150
18988
48769
36198
63371
54160
14089
64844
8659
38527
42787
28760
93792
78686
57359
97170
22964
46844
85838
62715
70708
20448
66700
83701
98010
84511
43745
89141
18725
62014
81565
13784
12736
69599
52645
76205
43203
18055
11200
1042
435
10483
94115
19162
67009
50125
91510
33958
57798
96643
42798
6933
43457
4352
11897
87730
95219
70457
106
28509
761
53444
16906
97143
50066
13167
2330
61380
38861
85192
16141
24185
76732
2137
30537
56747
7742
13052
19025
82805
92479
45990
79040
37696
45520
3667
29821
23191
82148
46070
66498
40463
28998
94007
50038
91063
62196
90982
19546
64946
41949
3922
96954
29502
77906
96039
41985
69400
32164
63987
76253
10098
86202
2265
47836
59874
26933
56754
50889
39017
90718
25937
72324
30479
17799
51791
23203
50145
40410
13940
87772
71215
71248
21978
32777
31781
70930
67031
54413
70097
80055
16800
61142
42261
80102
94940
98249
87145
63682
5513
39953
98853
13269
16352
52708
12141
47076
25014
74262
88161
19525
24590
91742
92477
34868
74662
4220
88153
69073
20125
35968
62632
54120
36979
64152
53526
8211
40243
47053
54444
85231
34815
24462
68928
82380
16031
89412
97102
14986
36361
3673
9503
19525
38546
39660
99088
40027
3018
77203
52740
26531
86984
94406
39847
90759
38404
83734
70081
50079
78856
58812
49359
87134
67270
65865
71442
25586
83792
99491
7574
71099
26125
3447
13229
38047
52791
46561
31465
76119
39313
21689
8883
3908
38102
62921
60937
61298
86003
35930
29605
46642
61506
26594
65941
36970
74299
18648
9281
61439
9231
79669
77850
63208
44490
25209
26762
8184
71838
21140
67442
42145
22604
57898
93402
36053
26673
86499
72230
67314
36418
45349
59453
95400
4099
44709
26392
75753
79161
91488
61528
97990
57259
13712
39315
66976
82273
65260
9449
59266
31308
99357
60296
1758
12568
7872
10000
70251
2500
84404
24253
74128
19693
48860
50930
37540
79090
15738
6393
66488
11308
9172
35761
6996
74489
26623
34613
11512
45078
11635
93191
71985
90701
58444
99962
89395
67937
81501
43911
9606
65944
289
47126
28938
28350
85993
44672
96830
91071
24860
48606
32877
95741
5099
13201
80555
52455
53644
60858
22481
43963
68667
55057
16307
28859
23415
43402
41130
45003
96519
22716
10204
5215
18073
11160
26299
10440
86420
2491
63832
65073
11781
46258
43968
25893
50742
59159
70739
55078
61283
98524
15838
47571
48428
20276
50247
12222
86223
32469
4556
96762
40477
85961
10376
469
94116
12641
56797
98640
23588
25397
70887
95763
72069
72485
87463
34072
96562
63437
34794
87387
69131
91062
48196
60935
96134
53398
96213
19306
77624
89477
85257
15802
49978
57939
18357
95199
22851
7433
58740
71143
62811
14389
71549
96893
77959
82026
72807
5759
99255
27667
59246
66714
86300
92126
26225
59501
70998
93683
27420
57534
96223
57688
39461
60456
22205
59091
71608
46187
94115
67461
75308
518
70957
44925
22748
43529
94748
88983
69425
67014
63942
41544
44476
6644
81736
40913
52452
28626
19609
83414
5933
89343
92731
27153
83887
10561
77361
41298
4962
74882
94320
64531
71088
62758
72307
40492
99957
2920
99450
49739
13063
33753
36920
69764
52943
84687
47151
6361
67949
10053
25912
15415
9374
69847
39356
45573
34286
82387
46481
23754
55486
15182
59912
99630
468
91334
33620
83137
52790
99834
69461
90434
62559
80874
49021
89017
87267
42390
89455
65479
74857
66359
400
67271
41020
39357
6975
94076
17932
29283
88520
29482
39650
46848
31743
80738
91243
38957
21973
83896
64785
43575
45083
3473
44461
857
74444
30365
52484
13887
3895
57832
4248
59270
23045
41314
83916
72402
37618
77400
65385
74850
26979
4775
53468
21331
78435
3139
3947
19831
27266
3779
36916
97592
64847
16070
10231
6546
15477
23774
61493
6995
12116
91209
37589
68477
21933
21729
87271
64870
66151
35751
38422
6940
23242
61440
62702
61522
15225
72974
44706
85586
38651
40514
86195
16467
65150
5366
53553
75678
26420
7877
96388
35015
19412
68857
13968
84808
8521
54602
5742
77108
34141
14411
45758
13385
81652
91924
86958
33843
52856
67866
22106
19970
50653
74429
66005
32571
30054
75113
40951
28522
11204
17481
48981
85011
41568
82311
40540
68970
12144
6266
34978
67336
22157
54868
97595
86285
85151
831
37467
82159
68634
31089
26878
97689
87539
8483
47226
48896
37775
14543
55847
2848
61788
8004
89904
96396
27420
69125
15664
70059
2474
55753
82119
10536
46388
28835
28060
50909
53152
69698
63065
55628
62452
52927
45368
42271
87863
61974
18043
95979
21921
18936
1940
97664
80370
6005
6353
25853
132
3077
15572
98218
69781
95831
11342
88944
73408
94638
72371
12669
31841
6035
16949
14387
9691
20196
36919
38304
59930
16656
46811
929
52894
2058
34310
16095
78288
36788
19225
16192
94052
89573
81563
30178
3004
11029
29222
68252
57649
70358
98761
16550
22786
42847
52620
1229
99580
8166
3303
60833
57452
10189
50421
46682
17521
26096
55079
77466
66150
4207
88793
1992
74391
71548
82867
87265
15908
42064
42846
38155
91921
37928
91435
8869
2909
19143
46956
67230
30594
29768
89613
34660
67038
27042
71551
9390
71168
52684
15240
48373
48117
59610
64894
84167
90241
27535
65745
43422
37891
8351
53694
77204
33909
30844
16819
21071
9216
52740
20978
21537
80017
60347
24369
78288
73839
33772
79968
41102
92844
26840
44753
12528
63895
27451
85152
94284
19664
61623
6693
9581
45780
24000
1609
43345
33293
86195
9938
86665
32201
13285
2736
57766
19130
42474
42449
7505
57244
29124
9895
72421
95334
76137
34757
60532
265
95326
31749
89480
44343
5887
40601
22524
92654
73374
71498
25887
7848
87777
19490
20599
81381
40384
16174
35999
72434
3254
35147
81210
5855
73809
42541
42880
53586
80007
72544
31175
8303
33817
12219
19468
40979
91349
59893
67109
82037
51639
83300
5249
4503
60899
47129
77634
55756
47548
10064
91531
47324
4551
61980
86565
17889
64163
6098
78435
68616
61732
28597
36585
65928
6095
56352
56147
41827
20213
47910
60697
67178
77225
19914
41874
65990
67880
70103
99988
94532
75778
73892
29539
66727
3352
71158
66493
27360
39318
58187
50438
99418
56790
3884
47628
88192
51916
60452
80397
13469
18918
30001
60572
56524
99510
38286
7561
84741
52641
34061
38920
87973
69465
33118
40880
45890
76987
90502
24225
92403
82777
50725
7312
90082
39812
93885
4455
10231
81575
69970
2824
40671
84639
81407
52166
52084
95995
95860
14666
57100
91564
33300
88663
92432
4400
20649
20707
59061
71130
1050
45385
72741
70897
27644
84323
6516
79830
14947
93434
5608
66265
58769
20614
89749
62353
28112
84122
89715
19950
90403
66783
12203
43522
95804
74230
83404
25974
13866
19169
74276
85892
95856
74085
32543
89418
86255
12056
51253
92998
65894
751
5263
56041
17989
88175
69195
86560
86892
10733
60851
53574
47153
13585
33999
39493
19243
87908
33292
67961
61707
88832
51008
82544
74987
69009
60019
4808
80994
58793
54016
79347
63632
79336
22759
93315
92629
4536
60898
78558
75329
97250
96006
47009
35357
43215
19525
70338
15135
93091
12631
58251
44579
40668
29117
55631
44044
34769
14445
69092
88256
16560
13048
76750
75068
23292
2041
37255
61614
65059
75888
31121
44038
26391
70744
88568
44493
83599
93608
73174
86856
10234
25554
58868
69445
66921
69107
35106
88248
83109
928
52183
92300
21375
38481
69079
9545
26576
82497
79646
86437
86031
28504
92204
12355
85377
58206
63331
44204
16171
94168
89828
27584
36613
56991
49300
77310
5916
97222
22087
97429
58236
25367
53364
57687
97585
92751
25789
97902
68092
19030
47632
5008
75379
49802
47428
90712
86314
52065
79930
5595
96268
93724
72837
95475
85873
4110
94367
80076
31427
52
9243
64847
16647
78808
85782
22296
66861
84016
10261
60633
53296
34412
20704
12907
44944
55707
35934
96669
40827
9135
90885
44025
83869
33490
81238
9921
29584
39481
17307
32584
41988
83470
4426
55194
16956
36654
18958
91434
78355
33061
37101
11326
28829
46898
45466
10669
94924
51993
38544
42893
48498
49107
18351
88767
33480
47186
53413
94135
23062
51153
8926
95856
29783
2511
60139
82050
86741
65813
16963
98710
9722
62300
5768
94635
32657
12634
61744
78226
98408
72108
34989
91942
35042
9310
89793
46336
38497
5116
99245
74227
97810
39501
53897
78115
25282
76902
25366
72384
95640
4378
2643
41474
78750
41277
53320
94222
82243
65780
8376
96009
48233
75275
38454
7077
22018
10696
30097
22557
87497
71126
24944
92881
69815
21766
55928
96435
78710
43841
14178
65820
68953
8553
59326
214
42877
39885
42163
90959
27192
43557
15356
9621
7818
70647
11888
89569
75806
84151
12285
64674
82932
60333
88704
50937
72875
3441
4762
31104
40158
58336
4765
34625
39351
34604
13454
917
15558
63052
5927
52394
61536
65537
15611
704
90702
76421
37266
28991
91994
77047
93420
89263
3568
88869
72174
61532
27883
89880
16993
59983
54659
71394
91690
70242
85154
17763
84484
71733
26381
68912
98484
79409
88315
99859
71605
15809
3176
8480
44930
39361
15291
88859
4747
88204
99349
80780
68459
24200
69117
47817
35070
88592
90571
10033
67615
2461
50531
94305
16549
50678
81597
67909
45428
37252
38344
71811
93977
9976
23002
28415
88223
5918
85032
68776
30528
70975
69108
66111
76149
39918
58017
73235
58789
6343
95149
89394
41447
67112
99908
80714
67962
47295
77258
4389
11476
39948
27645
35232
88965
88852
56491
5118
8454
64475
63483
95824
92628
16044
28724
89397
46270
37638
62729
63662
11222
80946
55008
47133
17831
36688
27727
143
23080
70385
10354
10611
87296
66982
78322
47847
40252
36415
93711
87146
72097
11648
98305
24963
2521
9987
80416
28083
83118
89997
70150
49031
56372
95894
77719
88152
45832
94876
62551
61093
66110
55294
668
90975
98621
49381
52036
76782
74520
20183
345
44684
82749
12631
39189
50398
72275
21096
25351
54076
68441
63530
22032
68240
48445
8975
83139
75837
1600
96400
19131
14980
51621
38999
14159
16768
53547
64207
65327
45462
52482
91421
94953
50451
86300
94991
35711
61491
63978
11036
1786
87138
32884
34424
78795
47010
89077
63279
85971
7640
72766
56254
557
36324
50594
3707
33623
73743
36781
88963
49554
87154
19935
98866
71482
67229
26792
67904
68487
50800
5954
50310
81482
4745
87715
70395
58262
56753
49079
49673
2738
78429
99123
90990
20689
16797
7949
92341
67220
44216
87353
7718
46670
51041
19893
63312
92327
93698
24524
22014
82071
25595
75578
3503
78302
14455
10545
15126
2848
44906
4169
3988
85439
35508
98922
40170
35129
37596
52122
57239
6908
17591
47974
81196
26658
47844
84273
52963
22244
4552
76585
60585
52966
34574
49874
89641
75660
37355
17268
39794
17968
2445
68684
11929
48954
78953
52104
21254
64044
52753
84156
89463
20909
6985
31519
19503
67001
99812
64555
59182
6393
17226
94298
14422
68232
42744
37562
31028
26746
85685
61334
86267
84077
12019
2731
4324
53904
23521
86000
61979
2214
18821
23020
43741
66676
51010
72028
24469
33392
75488
73412
55061
68219
51921
25907
15356
30183
23645
62363
72746
53821
49643
51978
11514
4441
22629
69718
3432
58962
25959
79682
90661
49848
39632
68203
45810
57246
52491
73852
57861
30235
23110
24697
63201
94126
82779
96420
50200
55355
89520
35833
76364
87760
30406
22527
71247
33592
32389
89721
72415
7843
9527
10687
1920
90843
26103
67470
17967
5903
72386
82755
94518
10940
75302
93997
65869
84769
44171
10672
36467
37275
18184
10622
34208
44483
1020
66943
10519
9738
28329
14259
32350
51765
95830
42135
34058
20642
30234
20268
52197
82988
6416
96742
3916
35899
51165
34696
29490
53348
72579
44870
57983
14056
12383
71458
86151
63155
62667
98398
38445
59663
11504
27104
74947
94328
80824
88761
34393
95198
91357
943
38423
1520
1598
18424
19267
19419
17962
12470
41288
30051
18265
8711
80643
74997
35974
15407
98682
68363
82235
61826
82524
44253
36738
68361
32959
59600
83677
30974
79621
23375
32160
62209
96585
73993
65873
31612
73767
90520
52981
41872
74064
46846
16508
40602
10640
29682
53889
55056
84332
3164
16258
56411
84772
9255
75681
47570
76373
94523
14565
32106
86307
79233
17350
34544
35516
54698
50541
63896
66544
18541
23149
54662
58830
81914
97737
84545
46245
6857
33621
26080
76508
8584
82695
76746
46759
97089
10883
8687
80899
11020
38054
6767
30884
5260
4203
73281
89428
70846
96620
54501
84046
19537
90961
76681
65322
93787
64435
95706
73863
84254
77750
54338
1038
19841
56396
73262
68637
86406
95983
86494
97874
13692
15004
82340
37571
9315
46043
13678
68792
37279
40295
16720
95924
59719
78324
16915
44531
94712
88854
80958
94312
94721
86805
36959
43319
35614
98173
84407
91027
39473
62569
30727
34695
10287
23303
75392
49009
66606
13833
89420
88490
53633
19101
91291
76686
77414
74146
21884
25178
65313
60676
64330
44695
17941
24442
60882
83743
99786
89709
49651
21176
61086
49017
32109
73556
11559
44820
40461
15684
20868
79950
74417
1137
54205
27006
42422
86732
97466
88532
98442
12580
79468
30793
60569
346
54816
9565
27583
37986
77146
16711
25784
79049
23335
32475
72236
49618
10028
85278
46431
91827
46403
86528
57754
54182
88037
34449
33579
97529
27131
65948
74387
91389
31343
46247
69110
84550
43636
71352
48151
73377
90201
6045
18522
84097
30065
79718
98909
134
65100
87740
26893
14032
64138
91468
45315
55125
98713
89072
87548
50350
55429
81865
84210
40469
90857
93426
3866
82454
81806
41443
36204
31878
84083
64512
85539
98980
8578
2465
8523
95926
8397
11926
21019
72987
78783
12032
60679
87341
98626
33364
52993
8634
68825
92752
6427
63619
58766
9760
30341
30612
74877
66296
19590
11389
27453
40972
49556
6958
29972
25780
38024
81394
26258
55837
90121
20351
341
69132
61775
88453
49684
69157
24635
32645
76623
5035
48768
40588
49493
88268
68721
96083
32953
56046
64959
78311
87379
9647
71884
98930
56512
36835
41920
51636
28900
88261
97232
92684
39025
49439
90799
60455
27267
37649
65568
80225
71947
18371
3439
23468
90125
78681
44640
72848
82963
21987
25819
14719
72235
32488
64142
50209
79310
15609
31905
42972
8210
91386
68096
53960
74564
93856
20252
54736
23081
67315
42914
83581
70793
23452
17147
95870
62784
71738
82168
82769
35621
63463
43628
14745
55108
39737
48713
67540
35066
82961
18219
2888
87036
92664
31834
37949
88262
84297
13788
58968
41645
65505
10312
44135
25842
70748
71001
23333
12574
41542
97007
15795
97457
7495
87903
52472
98673
56524
8902
46785
62080
83258
91203
58718
35437
68269
93646
93846
76076
4211
4870
10559
96899
74381
33051
71010
22733
81131
41627
64258
84194
84171
34931
19519
38673
2595
27972
27832
56876
42480
47037
87636
85072
96180
5695
34326
24218
56588
19375
87483
30906
43821
41061
14789
36265
44737
3533
61150
19457
12692
18898
81846
22093
53675
23182
48625
92416
45941
2905
27964
84954
11078
6166
5427
16740
75754
78192
46274
75915
925
5074
70186
60808
99836
15907
7912
46470
92045
22461
2100
59519
74709
87181
77278
69253
23167
40831
47538
9270
95021
75758
88719
15762
87085
21907
69675
49221
7453
51050
8636
70985
43804
90200
87717
38655
1106
85968
41556
25708
73514
99979
29124
5465
46436
79186
25226
53539
45591
91386
9692
25921
59249
32943
82588
60182
39383
5213
27505
8958
28747
18283
27258
79438
71890
62588
53374
56601
8641
6215
30785
3514
82713
75485
26116
39976
46913
98859
69780
9679
96467
9826
47994
89943
91586
690
82038
48178
54033
53217
16147
10619
41735
89659
29837
16356
60718
96296
31063
41267
31479
36001
60713
31944
42914
61052
95244
22723
47841
85364
93800
81033
5097
35627
99742
30496
16628
15686
29497
22514
87405
15302
14560
6116
50990
92601
27716
18353
93237
79797
1588
7377
14257
5810
60009
59099
21625
47560
7463
4393
40673
64051
26294
61844
75417
48395
36912
90503
21300
37140
98019
97145
63873
9143
62256
63047
43724
31545
37042
73702
26039
95899
26002
967
12611
6689
35748
47658
29189
7681
71634
60675
36002
19239
92843
2071
31198
13392
21245
3957
68569
52817
8532
98226
78729
26401
22464
86424
10481
71553
39041
16881
22873
94661
62816
84880
67380
5243
4536
57881
83625
86865
26060
61810
51316
69156
6386
38435
61824
91311
55345
57259
7841
31008
29686
19960
85101
8253
98449
97245
77597
75819
22705
40377
38918
72782
12097
69350
48410
69262
36876
67182
61055
70214
22976
94010
26375
42516
40863
31708
42563
74735
41774
10553
45045
52636
40650
67226
32971
53192
95841
77508
58406
33832
91699
56839
79290
53923
58005
19864
17629
35427
88724
99184
39715
74417
97259
11808
80436
74283
57367
50206
20280
57147
26342
94480
71925
77755
63190
55793
87662
69157
55671
60811
23142
99835
20564
72920
11057
32026
7704
63387
46839
79686
68577
90426
77836
70318
55810
23160
51987
79997
29254
18587
98605
29645
62297
81430
87433
13459
50010
42330
65702
96292
31762
61545
91680
87145
26001
80567
5920
7560
63248
5927
37962
93040
59964
38110
96147
32045
65102
2089
9281
61680
46545
28601
48788
64914
77676
78681
37801
96307
4538
53212
51447
90111
49047
63869
96578
81149
89618
88147
14153
10493
51870
73861
31186
21925
33394
22402
65900
3499
26671
24182
50402
48370
56823
2373
93441
51607
33934
13999
49225
98410
65466
74793
58537
64988
48867
58091
12131
93482
20615
43390
9972
30436
23914
76696
78243
42452
14792
40867
15668
58172
58594
53652
41432
51420
97040
86214
45250
52090
52266
7319
62406
83095
65208
94485
39125
50805
95956
92227
93859
40367
58225
99295
19204
85168
98297
12954
54863
70248
31228
54368
13092
50843
82961
85103
50144
3530
35413
40909
50950
26540
28165
99331
79883
59839
65362
69506
25300
60576
51185
9615
37195
28619
1014
86887
50183
24781
8439
8793
73444
10387
13500
87855
41868
56432
10444
50574
82199
57427
86800
26236
80401
30273
49685
10003
2574
23876
88685
53728
94615
44400
97335
96977
73883
34975
36769
54901
95443
39028
62829
92980
92618
42162
74043
567
20506
78840
92422
19624
38885
60860
24262
97223
29653
54969
66007
39515
97674
11536
46463
26358
59646
89649
70134
5467
64353
54640
12254
35550
23626
9185
66848
62268
93584
73070
74287
41685
7278
54030
11622
43854
97708
21279
44687
37902
66188
42026
43994
8944
50173
30787
23356
85590
86256
53523
76372
33246
63477
96692
77138
76620
72089
99120
321
19338
95868
95702
32472
31006
70598
73359
70323
3352
11260
25757
53237
41098
30258
33843
4276
82793
4867
47722
40994
48350
94674
5437
58887
64351
25382
3990
73149
33983
48405
55225
82806
13987
65357
57714
28751
21419
14864
68606
95389
58332
15472
89830
65515
88323
94438
17362
99139
91978
56488
30113
68296
31958
36684
31377
98887
6989
15993
64119
9530
54482
25048
53933
27701
44728
50306
68464
47775
56007
65787
83334
99900
92033
13869
4624
40843
67213
8079
83707
11517
19230
2124
31167
13505
26253
86071
57056
92217
47714
22923
8701
57624
90666
90333
64072
17285
87414
37946
51235
63932
26449
14800
6952
15898
34752
59348
13914
63104
92796
77294
37510
30606
23781
46981
80824
94936
75973
30318
69768
4775
30416
48697
37500
48962
45285
83698
82083
69185
41257
18731
29038
95420
21349
90862
6134
85255
38403
69837
45331
78794
96461
94569
69323
90533
75877
89904
76418
21506
71340
66504
5240
60755
21627
71575
58076
81675
11989
36883
39356
75428
71221
29067
71823
34254
21720
90592
35134
57691
17806
66500
44760
8322
21134
35319
90392
73226
52729
32276
94044
60725
66430
52974
5823
61103
91617
42999
38616
62966
45612
93693
8506
81045
43049
59210
45977
90816
57635
72484
81430
70526
3034
85905
6776
76027
61855
31369
70675
35647
74653
58455
8627
56443
54370
89759
17246
51246
77272
67600
94775
47376
36002
30069
73964
70532
97206
65917
37574
51773
70697
55683
71153
35609
87735
5601
41092
41146
25058
8117
3803
15004
22144
22867
26907
70185
40907
25752
64402
19264
54387
79618
4591
79908
92587
53350
86287
72240
70232
76774
94931
35715
14571
70831
49834
21098
39198
12808
24451
25989
53087
9499
59729
2826
25439
92235
51479
49555
35496
10564
94206
37671
13799
10448
64283
94652
99406
43469
66552
21516
50356
73397
50382
34034
20650
33708
84038
70492
67533
62160
35867
22469
51062
84095
73165
86156
96444
7460
59662
9412
47291
97833
68165
84532
58411
65999
34850
24562
15736
40522
56818
52563
22956
61436
57206
53598
45916
29804
3184
54608
66534
43326
81721
25543
26337
44683
64205
82653
60221
32767
56461
49667
70180
85225
81881
2396
70773
22181
97536
7392
87529
41219
3063
45118
7263
66353
19334
64388
405
40270
63564
59935
69654
23558
6117
2613
61731
24219
10694
80102
52754
94927
28441
61051
63638
76591
80117
13669
15630
39601
17127
73458
13681
57051
20884
79267
29921
85478
4764
19760
36092
18061
16180
70383
48037
2567
49726
22418
89504
2496
28200
24588
1470
72657
29961
90177
9584
9552
43611
97835
98815
13363
75031
28540
8815
22183
78697
7125
31384
44465
93082
42257
59510
86367
53259
96012
37338
42376
42266
2682
83552
9288
58168
78420
12273
43568
84441
19188
6635
4028
30504
90691
26380
27372
57521
40408
61784
67159
2851
63978
12624
49067
14398
15963
71721
74102
87499
34166
48998
89586
98093
61222
66621
40293
50036
80037
56487
12969
31499
53592
98096
42013
39300
34908
93727
68610
36309
33173
90650
21721
22041
9717
22824
15334
49869
65932
95974
35002
58509
39501
32933
80370
75112
99334
6901
75855
94367
71690
94005
49080
88408
90859
91415
17581
52063
38361
19671
95069
29042
75691
87984
90919
35455
97405
75004
88026
55641
71570
61954
1550
45772
6888
57238
17952
44253
67590
10276
86586
86286
63219
9619
55365
88258
46498
92031
95562
84019
21235
52642
87166
65201
71186
70119
93705
53348
79534
44622
8169
91347
74879
60825
45304
29115
90288
4775
92601
8254
52304
63224
17333
80716
53450
999
51422
61079
62347
35796
78098
34617
50322
53340
39362
58743
93865
49305
76002
8924
21019
50698
17495
16682
203
7333
42403
64717
4182
92897
35796
43621
71117
42169
78908
29605
77171
78611
26486
72111
84383
65381
29862
95380
56884
75430
89923
87841
93099
59686
86934
71862
44258
96549
93386
65078
24776
1387
1580
19957
65444
66111
34959
43694
4379
61589
44875
88483
30469
82317
54596
16520
29679
42940
29629
74281
99666
72284
31568
29478
85840
74852
2885
85894
20510
2355
66001
45482
36156
58892
66262
25106
19047
72408
14924
19026
36319
3683
75231
25681
63714
90792
14773
79145
95846
50188
20513
24127
57860
84330
63481
25234
5347
40152
93678
41127
79449
27212
5491
63730
36912
73596
62634
27882
43021
62688
45690
15908
38961
44675
4415
10841
18399
42107
86668
67319
66840
57045
74670
87558
67611
6012
81139
12483
30605
17830
88920
84162
62778
25353
90815
37495
13887
18375
69893
36464
74034
45060
22706
53339
96846
49151
53480
1481
57932
34427
61014
58977
56911
2052
21707
89831
28386
65699
84770
37884
46876
2546
41329
94819
41255
61480
3595
69818
23483
72326
91154
59513
31849
53788
78451
64583
56869
24870
20724
32458
4684
14121
99322
34044
76625
91259
37331
63413
19038
26883
10369
37882
22906
73996
12789
98427
36845
77585
97716
25682
58015
19293
82711
62749
34047
98097
52560
61610
95856
86335
51768
94431
33708
27926
67987
28400
23707
10483
98418
60218
44178
38910
79512
99154
24291
9770
45149
86713
60051
83925
83549
73058
6341
49344
76687
44405
15211
66778
26336
6042
19420
9472
98836
85405
79899
71686
96825
63964
17815
40093
64368
29708
96397
32444
63374
17159
89797
82265
78307
30988
9676
79506
37735
70572
31917
31581
71258
54763
87811
79885
36697
78477
51651
60306
39254
41006
12805
10342
16134
48215
7135
50515
73665
96933
24032
60143
29026
40410
25064
66312
47494
6715
39777
81102
15135
40298
8943
11167
59611
67420
18751
81808
87946
36128
59124
43167
43037
71011
92738
70404
53479
24296
36646
27562
62049
83992
31504
85026
37536
53733
13826
40881
21779
89012
57003
2302
73155
46696
31451
35500
73321
19334
84436
96175
86461
53972
61521
93917
11592
58353
4925
58067
38558
57911
70332
25081
30740
92805
58641
90445
80499
1320
76373
42802
68398
80657
9895
11837
41978
32185
60100
67807
58379
59136
41981
16808
2298
35162
98159
9852
42034
71984
16215
33725
59497
43337
68750
80111
96416
99057
42184
63649
45733
19746
84699
92681
96908
17199
75055
40357
68471
36200
25956
70808
87016
31147
95586
16075
14229
63613
97067
19785
28665
91606
60754
25828
53630
63561
26778
62617
19317
20295
7289
7626
40797
82105
68269
36068
60304
6589
43705
66321
66346
50879
96392
73584
64769
15508
31835
35295
5683
23943
26507
99744
25410
1959
8189
31158
74984
2606
27663
28473
63340
18713
20596
26439
89541
47893
29187
71136
72809
19077
97796
40942
58226
85568
68145
44419
74570
89031
32217
82444
43978
87733
94408
64953
17912
22046
72476
63148
20446
6076
46766
69689
5168
68833
47303
21892
48647
67090
54247
97177
25630
13600
66540
69636
46004
85319
69775
31777
98882
19805
12007
86677
15079
83613
80884
2868
47323
45094
1923
82027
5367
68094
19437
10350
81164
81024
71586
58074
71908
26516
55278
26023
18702
97112
66064
6211
65232
28870
57522
37541
85551
73392
230
36964
93074
59639
40275
98563
81625
95233
77293
12079
42544
63009
16064
12286
3870
67226
53690
77259
5509
99339
27728
10780
88890
6502
11733
22433
37122
14947
72434
28128
9991
98667
59942
83993
11380
82033
39587
62901
82822
30473
95120
19318
92264
96904
45855
39933
36737
89614
88861
46727
21363
94953
10308
28342
48425
23494
5623
467
80751
73968
13454
72372
90609
6950
6435
31839
39882
16419
56087
92159
98275
53624
23089
65846
13247
63957
42758
22522
45765
96029
86570
59938
14975
99627
25431
9930
80025
2668
68772
50526
14005
66098
16404
65339
21532
43055
40314
49594
10065
56570
71517
34776
64286
46840
11203
86421
94234
80400
11490
32399
95155
15677
98061
86814
7775
13933
70256
80601
86171
65047
95215
83052
94257
47936
42590
3359
46532
46114
9652
83908
16760
21782
95316
79932
4427
38688
60812
37011
62085
29759
55427
22836
52028
35578
22439
88187
32420
6202
678
68636
50611
38507
37164
62082
95167
42976
5265
66804
74495
52648
44082
48278
54454
51356
41556
68307
40268
70028
29816
13298
19410
95085
13640
83670
14958
18919
72260
11938
57678
71774
25915
81609
75540
68344
16351
11660
64733
53290
4071
35107
63561
98615
38405
21853
16597
36147
70528
52979
70355
95225
43215
79755
48727
42306
13676
58649
33548
17324
17667
97272
46873
42042
21649
37823
17949
91306
27158
39723
78496
45115
54331
3300
22078
27425
19921
44968
31935
75239
80943
50287
63487
88364
42409
65754
32044
62820
79906
57840
52645
11515
47136
42892
22914
78415
20988
77247
53542
91891
25920
95633
87355
13188
52035
86089
67965
85625
16493
73744
49136
34029
73640
62328
61034
71310
52135
13318
42793
92622
48806
22591
33544
79527
50748
98152
17955
9852
59816
17340
73003
32384
85936
76467
96771
46602
94918
29567
55909
74452
36542
40227
71597
33988
51921
53892
68847
85525
99849
16643
57671
29557
67510
85954
67813
89796
90341
614
95911
5432
22736
62084
82012
3621
14249
20099
40634
82709
38500
18519
54518
37202
25625
96508
57117
492
74438
44151
54696
54994
92843
43803
9920
51705
43524
42386
27742
373
36830
83655
59368
52843
4308
69309
28067
7859
74552
63620
37390
44267
20323
94183
98402
29624
29161
77282
50888
33384
82039
51406
20462
87160
12608
1457
35976
3484
72886
70196
60421
56816
18099
96383
80
85742
76513
69254
59452
39927
65975
3091
36603
8882
60801
40854
97392
15370
89295
90237
86764
52002
89593
36124
9301
70859
16033
41173
50743
82388
90746
55122
60026
81268
36849
26412
96973
18781
25306
49549
27801
39968
29533
53240
13136
43537
14317
17683
41172
73820
68494
89323
8813
99058
20761
11322
3708
70997
14678
94892
42087
86296
66383
64049
98355
68785
94217
72416
66987
10209
59843
75503
40098
60525
47289
29765
44117
82790
48911
76761
37263
88192
6601
47841
26550
63090
75950
69310
95106
22391
38401
37549
46993
16876
27438
66629
28329
44752
17692
63935
18045
61501
63558
91232
68064
3343
66265
94590
26851
10831
90894
68997
84840
4225
73891
39592
67905
77702
18729
78511
82074
17865
79509
5488
8288
23473
89543
92019
42444
6949
16061
29663
55595
60125
76558
88176
37916
69238
68938
93076
12405
20608
92812
26808
48250
50879
53091
96285
5944
97893
67770
63130
84621
72478
93640
45659
76897
56899
27260
45403
86022
2994
53182
79361
7852
89219
73862
50523
50512
29883
59471
37195
23874
88473
5904
67164
36148
54244
34628
18668
1691
18212
11405
71298
36528
86940
71514
76641
42607
93813
16933
71829
9136
50806
27413
25189
79762
86012
12656
32981
22952
5076
26182
80691
3977
31270
61524
72780
89701
12891
90460
33878
74962
21129
7736
58793
86766
54995
22105
63128
95503
39611
98333
50299
56552
87106
47751
15439
32514
44370
31568
11210
83131
91105
30204
25430
44493
14753
56769
44453
98700
45682
53543
826
5176
86818
91405
19214
68320
4020
31525
36631
42790
26339
3073
39630
61505
22870
79869
59218
25210
50649
1545
15843
60309
810
73746
65032
79747
31409
42788
67642
87844
39411
40251
39916
80144
56266
32220
79236
5318
86672
81215
1570
13886
38432
35843
39589
72781
23305
29809
23405
50146
42589
4679
70564
87835
27275
12936
84698
68677
3473
36639
69814
81148
29066
11263
55733
23890
5156
91408
96798
93402
38620
86105
43392
82402
98768
95477
5755
59725
10453
73398
85559
83868
75545
80892
5920
3422
172
72286
22981
25689
24340
6003
30317
71653
17256
60156
18705
27115
67019
14008
96984
20858
5692
69881
88025
86890
73704
39772
98170
43653
22173
98151
41978
76207
88556
4315
81188
87838
7357
50877
87631
57638
83354
32233
5009
41509
58322
28711
76319
9078
70801
82942
93110
24117
86154
10567
79762
52253
34788
22200
62084
59134
53945
2186
88449
74367
79319
5187
97889
11242
1933
78189
64884
36623
39298
60843
43540
93326
60922
33813
44012
12891
19524
8838
71473
4606
51296
67874
51914
65104
52534
52464
45746
92341
81350
51237
83237
97760
35225
89041
1656
44563
44989
31161
33499
85060
98046
42617
26746
26248
59480
54205
17044
51898
5015
79255
56315
2369
10800
4016
22228
85033
64393
32891
87477
96251
61710
88970
47674
24821
79318
48802
93196
20430
88188
35235
77897
17641
29263
59993
24031
92158
14450
99912
95534
93922
48330
72262
81839
96742
92845
72068
2878
98964
19716
94857
66546
53400
15394
74141
79887
89055
29931
20566
88738
511
89850
16188
45889
31551
38739
67662
97285
27854
64832
51016
24783
59369
60310
34700
80424
32072
67483
31320
40569
35004
37686
22580
7195
75425
76008
56329
251
38181
40448
18757
65057
33450
69636
29241
77680
30304
92742
13278
95693
12506
93268
42201
715
14887
87991
62371
91212
79792
52388
6430
43714
11403
51300
31462
72011
23096
16662
25460
38463
5135
33329
66851
62512
97017
61496
61673
46346
15013
98440
17220
91523
28018
50705
26809
47959
67251
32022
64708
8439
12887
42268
80856
35975
61030
82583
3319
85128
43860
84432
10816
49288
20786
3070
38401
5056
74493
56332
29067
40233
8031
3177
1199
43009
74839
53138
33092
1308
66198
86239
62670
66631
8690
29908
69385
91589
42163
71298
11699
75375
19249
67025
14633
9723
12986
68627
53626
59633
47177
48715
12041
29670
11251
20538
67648
20306
57927
80261
27165
26053
92097
35228
55643
72608
82655
21166
52806
98251
33567
1679
99240
61283
70637
82526
63700
90699
12471
22236
62106
18619
88155
77957
35272
53792
96032
42646
28344
80986
76820
26849
80228
10662
69367
9916
5608
53461
76547
42033
22032
70461
42913
45972
78351
48284
53589
31894
64117
8818
55181
50573
33213
24300
7931
85085
90700
64551
438
50670
6796
276
33527
65240
70928
25525
1329
98830
15436
80263
65736
6978
64631
11991
40956
54246
67876
66305
56976
49759
19257
22691
34982
2887
48456
97529
27470
51136
30372
42218
35047
88932
20686
17083
32950
72010
43081
67060
42760
44286
42460
53583
46126
77538
57444
32484
14029
66031
96304
5621
83277
45633
91025
59696
46365
29301
12069
71710
657
69198
12423
88224
7128
20855
75261
12300
57262
59325
40205
49668
29875
74960
63233
31333
81062
36158
59283
77721
70776
90833
52458
44580
4338
69046
38604
91065
25829
82290
43959
20621
99064
32384
44648
34050
95904
70892
95535
40443
40186
92545
22330
9549
95027
30796
99887
93675
667
79872
96563
1417
3098
53673
95479
36352
84127
60324
38478
44264
50813
69973
18164
20221
54412
37181
59608
41533
55622
44471
22096
20645
69315
19920
83630
58539
77616
74898
29002
31742
27394
31537
11629
43593
43878
21479
99329
74943
11725
67657
56483
38576
53400
26270
96938
24189
83882
97220
94092
4471
87751
6887
86681
50945
29432
13641
78064
50007
10093
53729
47619
23422
65098
50278
19063
37059
71627
4595
1173
89302
84581
59518
80935
89087
12358
35546
10748
27253
73725
75984
19284
58416
21019
70931
80222
36306
43290
79287
25173
551
1633
81269
58627
279
78786
91437
62984
84441
27763
80071
76167
10394
70545
46864
5598
93201
15317
19387
26162
88604
57591
58000
60601
67637
19918
20713
91919
8864
70272
77983
48177
85754
25492
23354
2621
76316
92916
59810
62271
28697
74380
50516
37470
68545
89164
98833
48191
53648
48494
970
22793
31672
93759
56866
34973
2913
70878
77145
54542
18398
92434
6487
87986
10828
72419
95609
99895
72355
99528
26397
46655
83697
18460
61570
62025
38351
4363
98213
14731
65626
54545
19824
18539
12100
90646
33047
34909
73968
60921
18850
19400
75221
13868
61118
56289
6818
59587
84034
77086
82482
38553
9340
39667
37755
87418
45131
9070
4956
53104
71005
64508
33725
86287
26713
52972
4349
95725
31312
2677
87055
35635
91384
39457
47062
73291
83575
44281
94216
69627
10741
52526
1358
80165
52137
96472
11613
33728
10594
18022
43629
