19417
56247
2820
30151
86621
77995
84956
98415
80901
67784
26504
4263
58415
51269
92027
87631
19405
92990
66401
85446
77101
66534
68076
63789
81551
62871
27178
42644
86554
27842
70665
29007
30286
10214
19020
14605
86427
93803
56894
85291
64763
55279
98775
48673
19686
27822
54315
36648
34729
21191
77637
24162
59687
9241
64209
22125
27399
48884
58147
28962
72505
11451
41767
53645
32754
67720
15622
49642
59514
972
62
39734
41708
3545
44137
47463
34477
90749
20311
7831
6436
65006
1411
50023
31381
93030
24015
26521
93021
2092
20548
61959
10679
11309
66130
81394
14210
22507
27983
43234
43716
43497
94255
80051
16453
70420
47563
9911
50931
17359
57641
95062
40826
9174
42964
85144
5310
66116
89924
17924
78947
10424
28223
84310
64905
30683
66358
23573
39475
4332
29404
31815
33703
26707
62751
66625
19901
93657
61230
35730
91969
66514
68046
40355
27752
1169
94557
1096
10963
32390
71094
41134
37981
16751
62676
72326
60348
73859
90470
6304
80654
91734
14061
84360
36382
70480
6230
73055
74817
32279
75726
36277
46003
10728
64838
42202
98180
57894
69430
30907
20396
70403
33733
97394
75481
28503
22445
57089
372
13113
2573
88346
54652
51576
94863
29970
79829
22748
65935
84950
39155
98768
15622
73003
92964
50673
76978
98860
33771
54543
12817
81324
46661
76092
41685
83800
97575
61533
39353
16631
55840
34649
18135
63224
73516
63931
59293
11134
88563
5620
31266
37589
82450
24538
60687
42947
50227
73747
33
72036
61947
69409
89867
65785
89472
13587
49890
24929
51071
84707
42548
98495
17587
27257
18618
51104
9478
85295
81282
49214
5058
28132
19759
41841
69695
8198
32019
64784
2906
30140
5090
49679
93337
19593
3248
38355
65275
70313
67697
43010
11653
43807
10385
56385
17589
71256
8709
40146
53823
79483
22606
4037
54441
56835
82199
40675
14103
70850
44496
9127
41551
3946
1699
39516
33696
33617
88666
34384
774
6050
28361
88579
86702
56001
88364
4466
33728
25069
79485
28925
61383
83595
83272
34152
19696
22618
93914
89084
26320
63089
94001
53703
76193
82302
80264
80686
95507
128
22986
6725
11815
36404
20360
7808
94314
18366
20711
51472
23401
40979
724
28245
4413
442
11386
48348
92058
43091
27939
31395
60152
27489
8083
62815
43251
85651
70244
64834
58691
51822
72664
10445
48335
69409
66780
23055
15903
54792
54425
33536
77402
31444
95301
21404
53240
96296
10340
42126
93290
73550
70148
88360
47310
76005
73633
92798
36151
65061
61160
63176
44611
50416
34107
45542
82
25137
90429
55053
8102
98566
63822
62678
39746
19675
80163
66633
87793
29033
26767
91186
16870
4715
96910
63871
163
77081
70212
63021
77735
83653
64953
11024
52542
7835
55309
56756
13120
810
17868
68391
78808
21078
70402
45800
72962
21444
58505
26984
83972
89239
9347
69393
48371
39727
69592
45140
56460
17117
86817
55613
5380
29763
80156
98243
26869
24078
92198
15618
42167
29339
72978
48597
78228
83085
75739
73101
27838
95575
92214
42589
95633
68554
93692
97465
33270
30850
37599
85237
50738
64251
48063
61433
86760
74341
89307
76426
87399
93546
71253
61975
1899
69329
81740
82519
9437
57066
41472
56268
89273
92418
80626
97597
92310
51378
56770
50890
85006
52863
53128
54189
85545
34717
56468
6273
75265
5943
35907
42364
46994
5406
3463
97506
32649
2416
88800
16620
53551
13759
73857
32075
84200
28246
18097
22113
69410
97475
87047
95682
21548
69900
87639
15293
94832
64121
10089
85021
80196
91388
28003
75446
64396
96590
80515
52632
74109
70248
16706
88248
48776
63854
67149
3938
23185
77861
23698
42205
12856
39397
56011
66992
32696
47733
17573
28948
70263
30350
14573
66755
24904
90115
56019
29883
54265
89231
50221
21184
36930
93274
28665
32639
23510
90173
65080
87133
43988
11843
6068
47159
66747
52363
55079
99308
86041
51959
83138
28713
8809
6165
42956
54264
61465
96630
43465
74517
8546
1081
84659
43934
42158
83241
18834
58932
8941
44175
68164
36697
34967
32571
6957
28618
68046
38888
9724
88445
57402
43373
1060
30452
24806
69985
9450
51896
3415
67182
66479
46614
12383
15479
69114
11025
86334
50633
6656
88479
22917
43526
95857
48187
55116
25056
17743
27943
32489
1702
4255
12402
58212
30419
36672
18028
99579
34381
72596
84564
40679
69122
49362
74662
21649
16234
72948
11098
24159
48146
71687
4641
62976
71040
14169
85943
59485
56234
54438
56819
39909
38054
85959
76831
78067
82169
79638
28678
5918
99170
14667
36623
24750
10686
3683
17286
30287
29975
27068
62707
50985
44534
68054
32029
94014
55833
5228
22669
91842
33474
16683
9343
38230
12861
21164
37037
22234
25598
30440
853
19752
96760
30414
90447
31691
11224
38728
50829
2663
37683
32047
82004
38525
35303
80929
50376
84029
76157
8895
17604
86110
62060
45931
781
81588
74763
21751
70962
25494
15505
38439
43738
69812
60486
55053
54106
17746
12701
9391
51636
3664
80038
19207
48941
64973
1940
7302
80744
80111
45177
97153
46451
3965
96004
30135
14787
95340
77743
42400
43592
63377
41021
23521
16173
79712
83932
21963
3882
9038
47358
9677
80663
43350
77322
19747
20686
50822
52249
99784
56154
85495
30328
91192
16313
72241
23589
3243
66372
95085
59417
20690
80322
35457
39512
68822
71478
85956
15013
67427
86767
55489
25954
47873
30538
3976
6435
62473
3071
70964
26857
26916
52764
17213
68776
89193
89358
64555
83986
24323
75484
82689
32009
6068
73230
73652
71701
29081
77707
79992
5328
59140
16626
57795
13732
14173
61855
14568
60988
89306
42618
46671
33556
68252
50986
83771
94621
15257
31310
58146
2024
51965
64031
87647
24564
25857
200
64921
71981
95691
50674
93189
82911
1257
58926
95718
89166
51915
1924
80703
74474
89979
69061
86692
40638
74766
6068
13795
59969
24022
94324
75221
52595
39791
28333
56344
51394
84090
66151
94285
99625
12982
5441
97110
52058
85068
49288
44640
87273
51679
80167
59968
28676
43131
89650
56696
63271
20310
68361
21615
63383
98688
89713
38576
54740
33445
31665
9961
33182
71310
66445
46258
95000
16125
40385
6269
6657
22011
83170
30959
30319
21248
79914
42160
33648
65840
86347
34237
22925
76288
43792
50812
54480
15336
83615
46804
97839
87667
57550
10552
1396
2753
66148
64401
47242
96193
2293
89652
25949
17678
77372
56996
31629
55609
48945
36792
95056
53711
7517
45025
16206
19500
41708
15455
44374
60101
88531
8087
6001
39187
4899
50412
42198
27388
61109
97026
51475
83853
14516
43289
55200
24197
17342
6574
77482
24767
75301
50645
92998
83284
42332
87569
61222
68772
24426
48986
7254
95409
91306
37944
69938
10792
19268
85812
43739
94733
21785
32661
42487
83247
1207
47392
96075
93720
17479
94002
98078
99942
86363
86452
8229
60445
43031
14994
80710
16463
55143
24793
56465
93673
48889
88453
60166
68907
28725
19996
42638
10633
12906
90010
73615
42472
2166
38036
96815
34422
45777
26072
5140
37063
89073
65065
56699
87146
86509
2148
57748
2988
72272
3570
80755
47665
3977
78915
87162
14756
93567
76719
99740
62334
74090
22437
9612
7289
53946
36163
62833
14427
74313
75553
77183
28176
71508
16209
27714
90848
37177
45852
55890
46436
16843
9574
47557
50219
79968
42218
47782
12310
43604
99033
48649
30368
95797
27603
65405
44987
50547
89066
5665
15860
57911
95004
58518
41129
99041
6773
91888
23763
59042
1890
16266
76825
20653
89607
93755
17089
10162
68479
95056
9065
65968
27194
92982
17413
42094
76656
21939
78262
78973
73967
11192
73300
51329
63890
4801
7846
57159
69233
47080
47251
45046
76431
56265
34523
99060
3293
84718
65751
71411
53657
72221
1480
90946
27094
12713
65117
81528
1683
41758
10690
91752
48340
74161
19645
47180
84872
33842
86615
92922
97030
9224
55804
79973
10624
45625
95414
86560
92022
13204
70085
52240
47665
79908
45575
57924
86454
77967
48804
74176
30706
40460
94658
34897
13633
45274
97418
95313
28008
40209
35772
8486
7420
26702
52121
37697
58114
26015
35357
81251
15865
79943
5162
43828
68105
50396
69695
14810
21357
63994
64132
75108
36943
69685
30939
76738
18443
81615
59092
80886
3113
2312
26079
13734
13904
75121
74753
2564
75862
72422
3193
99417
90553
73408
56985
57804
55165
82736
31559
56860
26708
12550
42827
9222
86507
63690
76471
12068
77572
67400
39901
49566
29957
3123
70339
62056
41611
36319
75656
74489
63110
88011
89839
57208
82077
91534
36517
27494
22883
51908
70814
2675
58408
98242
40130
40539
71727
94779
93916
17611
75271
39134
80351
44669
76405
68140
40890
52813
52575
75035
86870
40038
95454
1934
6549
71160
10429
93708
82050
51245
26959
87658
6161
96536
12360
69694
91603
58135
29188
43289
87676
45801
84475
43200
44424
55939
20311
79070
57540
95687
26778
70932
570
46966
14732
70408
37238
53937
19398
85793
97764
67558
70883
98541
52876
54366
60563
81130
23513
2928
9187
25859
97741
61426
58649
30758
69883
43495
88219
67245
45340
61125
77744
76219
53368
78370
28702
15236
11058
154
67904
48162
8580
34978
42667
98673
25504
13084
86160
70267
48651
48673
93542
69825
29445
59108
17229
51996
69648
64148
89474
37961
15612
75641
3948
85436
56391
39648
48754
51457
70004
99266
86956
95395
81579
2635
21176
83485
57557
78492
73237
85635
65410
26652
14367
38921
27705
90708
83288
57063
22074
54308
93529
63127
5654
57522
4079
94223
29193
53265
739
4737
42508
14039
24811
43251
78532
16618
60953
88552
18889
51043
16335
71303
9481
28046
41973
7802
42751
89131
12376
45824
60773
37233
11106
94296
45520
29367
96360
75422
23240
77786
62798
91833
89616
97823
38980
10859
39792
87475
46509
99519
25133
21025
861
29053
12073
78335
20244
11961
30502
69478
53416
62448
55821
99418
37420
69202
67290
98933
96096
9240
39339
81632
70819
29169
84851
62354
69390
8715
16762
66685
63938
9388
70063
76229
46507
35159
77244
68181
2101
69453
5955
50659
84587
68098
58978
84520
73279
87015
87714
20173
68087
7510
49980
50765
98780
15042
69685
80144
26967
12089
55704
59077
14458
40698
96369
96128
64488
1415
33740
12932
74911
3789
46218
42294
31981
82806
62013
82669
76609
83947
51148
48992
14734
7023
5604
27216
13755
37970
43419
38449
35825
85442
91870
35728
29709
72793
99086
20718
24304
47998
78675
39536
66481
57165
19654
35445
14113
48273
31551
45591
86408
11506
93809
91548
14385
43413
96749
93017
12354
35852
48450
61312
41734
41909
30089
40140
28523
50590
26018
58438
90025
17548
26191
96365
67820
59673
41654
1194
26283
81846
30625
74031
53337
53690
32519
10528
2858
22548
30427
26252
57725
5825
20308
95628
31056
93885
2957
59195
73019
83623
30086
23144
22935
7325
21821
8547
92629
30996
88029
16417
34102
50875
5571
43847
12614
28004
47871
9274
77070
55617
21280
76818
58619
64452
22067
40036
63973
883
83394
82602
63036
39585
73792
82894
80545
44189
79053
29180
51958
12597
78613
70217
53468
22140
89777
79715
56090
15912
96398
98464
92451
66028
33256
3785
44893
7542
24154
5656
30626
90300
15185
35256
35397
64814
6670
74855
22973
24399
21007
95706
83509
77197
8011
78667
41751
84712
18653
26809
85370
73552
8696
53099
8343
96390
50209
37059
64293
67712
69459
67791
24580
41784
21250
86261
96042
46518
30826
32069
22948
1474
19173
35737
44909
91472
66622
13996
6897
4787
40068
30812
41229
89873
73243
13265
79554
79934
23225
14891
90153
72736
56699
45269
41221
49826
1470
21372
66035
92485
47380
58809
20096
74539
92771
12455
3851
18995
20860
95770
90961
69415
80237
56557
38563
83036
66020
15265
88015
27868
82480
12408
48275
60284
74376
32505
12294
14754
27891
12105
67220
30327
84298
95888
56183
7141
35472
47649
14368
90729
52958
88865
61423
54236
37493
14321
6607
80692
90932
92463
62717
95657
41611
63746
321
76358
33176
475
80507
60999
48426
92705
30189
70655
30826
37604
99927
63554
69530
825
32428
3257
60257
2336
40967
21025
75667
69947
34664
9672
41669
39902
30988
7692
83982
93524
95702
16751
20468
26600
46045
38449
29569
37345
2778
84366
73742
38261
32135
5339
3663
31434
94027
40850
63907
7318
19749
52554
98827
15177
22890
36380
98132
79393
98567
64031
79654
16131
56708
67789
37775
55027
45114
295
19248
83948
27171
67761
64771
33933
67074
79542
13983
94072
81077
74049
47910
4407
93373
48006
66783
24471
42607
73970
5795
20744
79673
91378
90883
12600
78024
61181
88341
85094
25768
30205
28176
71201
82708
41248
70784
94119
88347
19787
6770
16957
61850
30710
53661
9492
89610
16656
42478
42426
28657
10508
57125
73734
30187
37956
31539
7174
5742
18944
48551
19186
14475
49088
56986
17320
9294
91700
503
93931
67532
61875
37130
70854
69018
66042
6420
35788
93351
82741
60992
14324
87956
81769
75478
51938
18126
99263
88604
74075
7329
21699
4876
81222
69184
74800
82900
10586
11787
37706
84703
1074
85111
26046
75799
60036
58104
46329
93556
17580
90531
84088
82871
38794
61526
62366
56760
88431
48616
1111
76846
84766
16648
25677
96696
34508
46889
16506
26935
32491
51401
34757
69343
41055
8125
80008
61647
82724
87888
50379
48878
66286
46851
3166
35319
23537
9548
68366
71452
84804
61435
82329
44199
38783
35332
215
60161
60313
5358
3760
3007
30145
65657
77299
24728
41222
14228
11425
60925
90859
62843
63331
72329
27270
96642
38510
85591
19503
15349
80057
118
26264
26714
8301
6180
32421
20404
72689
73148
6263
50624
35041
97618
64861
60135
76052
20517
38048
35370
24465
6843
70240
63484
74832
1754
73147
78950
95318
2881
39523
41924
81989
84667
17661
36058
49821
9340
92727
49793
29704
17024
58683
47724
3622
30598
4193
32679
47059
8849
23900
36580
83574
5548
93925
76307
26230
80421
33688
64799
15412
23616
62722
90993
61298
17227
78748
82999
31727
82429
25393
56699
95583
6411
63782
68678
91222
68643
66905
48485
8528
47388
67202
55055
10058
75748
69724
2206
27017
43757
15714
62376
40275
47277
53833
13060
88129
35681
82647
88685
27258
794
46333
53644
64649
36010
55974
66292
44515
28832
15448
60128
26399
66846
13314
17170
33178
76504
84695
13213
66998
33064
39735
65912
980
51640
25818
21611
22603
1228
90997
40654
93711
85217
88005
51969
21931
9060
5384
87317
95333
94371
74220
14019
69016
54184
17035
72214
50035
10396
55050
38339
85219
55505
96678
54723
93570
25061
53294
70047
73944
97964
72195
49350
46780
44647
94457
82875
1867
75068
57960
3613
5449
15794
17334
85075
82061
82637
28166
22622
5429
36849
56589
31987
32872
60991
36039
52459
29232
23668
4195
32384
27127
64407
88795
53778
44642
38406
30879
12106
30111
61551
81145
73799
49420
30905
56446
46319
5855
64276
67076
78958
98888
70404
84576
46288
70188
63242
58319
76738
32952
29840
73697
96854
65168
27729
5640
27226
52097
96660
22233
21126
86119
4033
48035
95685
4651
17779
30911
23023
31395
51907
28847
13160
48308
55702
61914
63184
68432
8290
35077
25010
39650
25958
55374
25211
15947
33579
18269
5993
1389
14306
11080
39705
43946
72793
94827
94113
52335
80615
84388
68050
28600
37796
19863
96425
57348
32330
53529
94644
99713
52516
7214
74271
76770
17309
22017
8730
75441
59826
60658
17483
46618
66384
93686
5527
93446
83322
25465
33954
43496
79940
39406
32602
38972
52881
819
82836
90856
26557
63268
88415
55815
86403
62137
68593
20858
96713
67938
44558
10991
44313
66806
59864
86423
63523
58228
30745
50100
87187
25039
128
57454
42087
93920
67097
59620
96415
45771
5891
21770
52339
54614
37399
20448
84239
72667
22469
91802
31748
45999
916
71215
17152
40724
91174
15685
18101
7438
33782
9364
61459
90543
26423
40501
34454
5547
20611
63201
52994
71685
54050
81277
54591
31687
22287
4358
56031
92962
1830
33659
62856
49712
38240
63538
58325
77860
5857
96483
95336
13220
88901
16236
2205
87986
61705
39352
3470
63247
47392
92154
26056
29768
69349
83293
2769
14493
6293
16855
572
34978
40860
71988
95166
12256
19585
83939
1795
22060
94000
12362
63253
92125
52732
56346
41623
85421
10300
28936
45118
7202
89193
31971
97855
14750
16310
99071
38994
84363
73261
19754
65815
5631
46993
13053
22625
67368
32123
84185
74907
3181
53327
48998
73833
48411
12543
69500
75721
38242
52972
35213
12404
21783
63197
8343
36528
68531
10353
21644
67746
56447
37552
40233
57779
41325
94534
71553
96400
32997
79534
25704
76320
90608
2236
42235
91179
94556
96873
65957
30603
32918
99909
66689
961
72558
56448
12313
64249
22177
78683
51144
40875
33028
12187
67703
56658
91375
43913
92519
63713
23458
12748
10620
8740
17941
1354
85666
59778
48787
90897
94593
38339
23657
7460
64838
51660
10890
81610
68611
61808
56462
19550
24143
19369
63905
91862
39898
11578
44734
59140
70288
33536
91435
74706
10182
5325
90288
95993
26559
12807
32169
87673
81706
57826
46105
61392
46339
15230
13701
67711
61710
47814
97361
41735
69820
3051
64765
47898
43488
8208
6420
13400
52522
19815
71624
23918
82199
21622
56507
68211
59189
25092
30521
23383
19566
13769
97810
79241
26100
27394
89315
53076
80270
40665
33215
9760
44188
76750
28490
20013
87426
62277
17972
13280
78376
19703
3165
72342
3551
31489
49018
5270
77371
46247
59460
87206
73394
98100
96073
88129
76702
93152
71101
33558
79450
68187
58314
61831
27396
78115
54634
56062
29224
73219
1013
17847
81111
79314
69801
1396
23
15186
29071
94735
23435
58990
59243
55632
86837
60545
95369
14494
66405
91398
29163
20055
14741
99296
30320
9558
81054
59862
31804
76624
63339
90600
19457
51455
88128
97443
21488
90541
34091
78045
16173
3833
40935
44552
13660
64342
1618
25881
3662
40860
16320
95229
79432
4643
57639
76063
13275
60842
37153
86271
12226
34214
95997
96840
20467
43210
78956
16034
11483
48448
18914
45363
46345
1142
85530
98176
92191
41581
81412
71334
68686
37186
43610
37667
33171
6118
52983
7869
4677
61128
5117
75286
26821
27929
33086
77805
39914
1032
50235
59007
65058
86666
48447
62329
32485
69077
82143
71522
65614
80467
32890
34455
69860
45255
56007
22992
20066
12775
79071
21602
40371
62891
14759
21372
51526
77014
31203
36016
77167
28124
48025
32905
46130
80753
16659
81566
86080
68943
57811
74038
84013
30824
23237
41100
35897
43245
90242
75294
44637
20444
53566
19767
618
83149
95138
51869
15357
5230
29424
21256
84930
16272
95592
43696
20456
84377
99975
85013
10311
70214
39525
37920
8412
99618
7743
26798
61535
7940
86300
3703
9619
84105
20049
86546
74981
2628
88422
27556
83680
98715
69513
53354
64030
3942
52912
48007
56322
96746
4183
51420
80618
43336
71139
57206
59573
60519
39270
38858
967
6930
14160
65593
28781
39433
30963
78205
97336
56458
67615
79589
64251
84105
12810
79554
62700
58526
63915
17154
47058
19081
84066
42005
92484
94850
91750
85756
7826
37959
6371
93769
41995
62091
39290
21879
47536
15569
96290
83205
63975
38479
71078
63199
71579
55475
38677
87308
29909
62851
15460
63175
63197
50305
36834
44755
1247
30681
18952
28407
84586
15076
92249
36328
8529
26468
31467
61221
86369
98967
25641
40675
94749
89483
86495
23189
37571
20853
14688
95157
3339
18512
32815
52517
94129
21382
74054
70063
9374
36022
3725
61389
31191
934
9090
99460
70655
26307
15737
72307
2639
37960
10932
16766
72774
18919
6122
50779
64474
86168
87466
28684
79387
28524
22663
74467
91514
62353
62769
34041
76203
35908
37334
88394
10586
33111
31276
1420
8647
27316
29121
34059
80077
33512
90582
13645
47980
107
90804
80151
14473
82284
65742
59042
38044
38083
72411
71957
90569
15831
2468
46175
50272
87419
15298
68865
45658
61872
5360
63917
20510
55401
73581
38300
29486
97133
74552
9428
80533
30459
8050
67187
45318
90057
21407
24463
21518
79077
33338
31860
94237
3693
48089
30843
90518
87608
35889
32133
31367
37091
63916
75819
80654
63044
16396
52339
48689
32986
14356
40202
26088
97044
22145
8361
46230
74821
92163
81323
31110
38821
24401
15218
90443
14027
33508
25801
4538
76063
38367
83332
47834
71168
70529
14195
37376
49355
82348
93303
79982
83159
31465
56247
58835
78794
72200
15296
70252
41486
36633
26361
6587
67511
96366
92382
48163
78163
83138
66746
35467
21090
7903
38433
47041
85417
93057
82220
58533
72219
53387
26045
40543
35234
38981
77919
73015
83740
22394
91283
58277
67839
3691
4213
25151
3263
4257
89436
3663
52341
15255
1279
87324
4692
83687
44571
43963
19676
57012
73890
42786
18218
90477
65661
73988
88628
74754
71913
86129
41292
75382
17013
83597
63621
67234
10810
18720
19883
69225
59096
71844
95218
36456
3320
71092
17430
89789
59995
44509
37873
82543
4562
22605
39667
15619
54707
1611
2568
70896
28734
40271
83696
72024
4822
31054
40142
77430
44590
42539
70611
55180
72107
65838
86904
74572
67814
50539
45631
93155
99014
79046
95832
37452
32750
44472
47902
71193
8029
23047
61153
58424
95222
88050
20368
40210
53907
96448
76116
25971
16856
3919
32825
34716
14710
15440
14032
66323
66277
36179
12672
91181
17645
18210
32402
88974
9271
358
76879
14580
62416
95140
29082
25317
90364
28020
51047
46471
25486
21598
10832
3563
46673
64276
49834
35352
79253
88495
6813
17520
91069
87586
28002
49286
59177
51709
66239
8226
58019
9394
34941
82006
35911
88630
55510
80169
45730
82887
98001
5520
88904
68043
93309
71038
98713
56555
42838
46853
72798
91789
56396
23383
61587
89870
5341
12617
536
43014
66282
41224
8324
54450
46840
77908
21798
91111
93257
55591
32876
5672
88049
46551
39871
99148
59646
77996
5144
36587
10547
66687
52117
31797
42764
67710
67740
61109
32638
55364
11741
51222
18160
19435
33167
21281
68153
65547
72322
70378
70400
26806
54523
23209
36440
67820
97355
30062
47309
32263
37225
90241
46117
51559
8186
56349
45305
21535
82397
4929
21517
4160
21037
89902
30562
92354
1466
11635
96921
29980
56458
96110
91536
37785
18901
7588
21860
67458
42797
61211
22683
61487
34240
33347
57638
34031
76307
45210
38451
10284
38391
5170
621
66123
7593
62825
23593
28512
32373
35228
34405
30022
75775
53442
50493
84830
99556
90211
22384
52766
2457
2702
77543
11365
88219
48146
29828
84371
91557
32730
78847
31650
75536
81051
36023
17548
22483
63982
79235
52274
98982
37826
18797
26226
41121
80070
1424
76469
81153
77745
3011
62565
2142
34718
72210
3619
64092
68910
36978
21365
20945
90515
65841
10814
97190
99880
1241
58571
77560
20725
14523
25680
87571
22248
28282
25572
61190
52072
82147
38255
16653
84951
39041
28546
15280
16218
9420
93575
91044
33843
53326
93331
4470
23124
78570
57487
49283
53669
48407
92285
38646
36809
14650
75351
1584
22453
34458
87183
68621
76838
209
2701
48821
71840
36222
38846
52972
52701
84089
94751
44852
68025
41176
52879
16462
71691
39197
28485
17994
52253
3161
60174
58995
72762
75629
53491
82
1119
79762
16598
98024
60029
94341
51300
58275
86344
13626
13299
88536
50342
46046
90580
92920
74210
88486
92512
46481
50939
40147
22812
92049
58368
92375
97044
89638
69746
4188
5161
92245
69505
76913
94856
13170
6279
57601
4315
19412
97360
89456
88535
37867
27691
36939
50443
68657
1119
51775
4371
95557
50283
11111
31962
49040
21344
46935
85184
52099
82545
89527
56709
95383
51755
52499
42175
70417
19299
91118
23739
8681
12985
82034
80747
75870
17459
52842
29212
64091
2868
80329
91704
59053
1622
37137
95765
47874
19892
30217
87694
73348
587
26551
52077
95804
68236
74809
11537
90610
24827
3153
25089
9868
50130
64126
95270
30305
93736
82165
39972
21118
14133
72780
72682
45315
45096
31110
64846
45063
3541
47830
24148
8228
91696
67218
78059
14322
97198
20923
60950
50284
58674
64247
33881
2913
61591
35836
65878
76907
34570
20526
35568
40373
68289
52148
86459
51588
30627
94075
51169
71205
86378
80792
68116
68320
77502
14102
80763
12412
62068
38687
84478
29484
20026
10545
30278
69983
40198
11163
40260
86444
39556
37012
74340
48464
82012
72834
77214
69353
97821
40724
66915
5318
99476
85107
21818
47841
55557
52854
49807
26450
93804
49377
64735
91901
27733
70537
11403
96615
21912
62359
23667
42496
57884
77001
88540
53273
56591
30737
11742
55628
97642
6696
99053
30731
42531
56033
77918
26751
52994
41101
58027
70125
83445
91524
79654
41906
57144
55118
92471
48328
73643
70161
44408
4793
59196
64286
4938
33744
63396
11104
19975
60744
64897
70202
25690
94722
55076
45467
32522
75598
29590
15236
35864
80078
70894
91832
52663
42125
6650
68495
69797
43693
98319
13764
8434
20942
53515
97497
10732
30354
73601
99036
68670
89705
59065
67522
81262
14729
66245
85019
46177
27598
24177
45354
63584
41743
56975
95555
3345
99706
73624
87502
71511
9559
40997
15847
72403
6378
78392
45240
82270
79887
61490
24776
53319
66576
25280
87715
62006
44278
62686
26837
87156
56850
59618
75741
80974
41016
78164
92241
48662
89967
32895
20907
93718
86789
70048
84401
64272
9259
34760
52257
55216
66088
12594
20603
73821
22986
73624
73644
68268
29248
67756
35612
88775
37788
9734
20925
59757
11176
10079
83195
49856
92284
81430
40344
31621
82006
85275
42581
31736
55692
36449
2827
51819
2782
32592
79659
39215
3758
48488
51865
41603
63841
38417
24344
20696
35313
44253
8347
11963
68814
72684
28607
92679
44505
71511
81464
21687
93235
22637
41314
89748
61729
5464
33902
54028
87580
5292
82699
32334
58459
72001
21784
29017
63510
85747
3467
76027
40171
31243
80888
13444
2071
27197
86284
43609
35950
49890
2971
29828
70719
87922
84087
77799
50388
52306
73368
87488
83041
1189
37566
83936
47044
92592
98867
49791
88121
21114
95969
5925
64119
17261
78388
36753
21102
36145
55353
87925
67207
75790
19059
56973
74032
73191
12340
77730
36712
76508
54775
71468
98917
84372
46606
92010
78987
39662
27351
76992
44080
42736
97701
90509
6878
28973
38803
85009
92636
11064
76379
54299
72268
50322
35047
22302
88026
18859
75148
72124
89970
85085
1456
81199
74601
29921
82597
41936
40520
47479
52369
65841
9999
81762
59812
20137
28404
84971
3604
86400
85619
24490
39772
52474
90494
56524
37224
39762
93736
96215
25733
51930
77777
30729
41110
82856
47599
89852
8575
95451
44774
6296
64440
65620
90778
32881
19101
12260
18477
69570
43947
68560
39943
81818
31086
9726
30813
25480
58735
62246
47759
40784
28285
20666
10000
75326
25056
10380
75505
15804
25788
97764
29248
44919
1283
91446
24923
90027
41613
30460
48567
17887
697
88811
37433
95818
45340
60209
24408
39194
14160
67410
85046
93979
92939
57819
57501
27453
84112
55392
3499
4093
55127
41292
44244
12822
93911
15745
95235
90047
45235
9456
33909
22659
25575
82667
45893
31705
30708
58275
31628
78482
19475
26131
15390
38328
24850
53223
24482
26403
78305
86832
15445
4675
21454
88526
21474
65801
44052
11138
94889
78849
32940
44438
33807
89895
10580
29528
25591
96185
14735
86189
73155
1731
99669
71856
44755
26646
72024
97485
51521
14616
38795
70750
47487
40178
50595
93526
15805
48811
21618
70472
60187
57806
45925
97366
18799
92744
44989
70564
93720
17134
78665
56216
93307
51858
54299
27329
11049
65750
37033
77530
50406
27402
85319
3471
74879
16439
10509
37072
50015
48496
64288
89883
81924
38711
81893
76887
37128
57077
75084
36993
31543
22802
27740
13010
73565
50080
32116
33679
36222
46809
70187
50891
25872
25174
57444
15766
87416
87591
39495
42166
34136
76304
51552
54876
80372
77076
45539
71983
45072
62963
23840
18793
72226
39533
94633
60021
65929
63592
73234
86865
56018
5808
17575
38849
87275
11218
27471
90320
32660
27406
73182
97314
91897
71990
64704
25534
52055
49402
25963
28507
90377
49673
1147
42053
52484
92050
19744
66974
82712
13123
45805
80214
14982
19405
96379
92564
93161
57021
28944
2854
5470
16746
39738
88861
6805
60792
67485
681
76643
81952
90001
32696
39455
52860
31419
92406
78267
11970
27535
760
84062
29680
38772
87275
34933
53660
6045
42243
42444
15360
13969
76720
88109
18874
46287
38637
13847
35119
31714
87806
42140
3046
94303
66350
10644
5303
29299
2642
67729
66063
8254
13128
95975
88263
5286
59817
96512
26911
4494
70363
30093
35005
54714
49437
39052
55624
47618
14299
16078
81118
22409
86711
22586
25207
32957
40488
62946
64031
65710
7138
57098
14057
98481
74565
76550
55001
55446
19768
29794
52855
12866
47037
98780
53013
21013
38994
38415
37691
18131
80612
64835
26983
1742
88615
34661
79660
71718
88939
48752
42377
31300
91334
55070
96280
96863
58343
75599
93011
62856
44969
14344
58141
93476
1726
33011
94586
31509
20692
26961
55919
97165
12199
17273
92549
64428
46631
41309
96486
21420
74683
76420
80584
71884
53389
81116
27155
83064
33748
68960
96666
12019
32505
57327
16908
69448
70040
34709
47466
29571
40378
54176
97176
47286
75596
38660
48570
81123
97362
56103
31947
11498
26001
538
13417
79043
83644
25142
20038
92081
83333
98319
17850
73654
10407
41802
28265
95953
77048
43303
8539
33154
20800
9440
58575
56560
52740
53681
31990
4120
66694
64786
76650
71825
11584
57101
15100
99862
17294
10298
7550
21374
2004
76542
13944
17050
92658
29590
10358
29091
73466
20193
42104
8983
36372
9653
94855
46931
59602
80152
81973
44533
79619
13653
33084
43868
71753
15781
97775
18082
37521
8669
43647
72784
73126
31277
39895
33589
72499
84577
25342
51141
46070
98756
97179
75570
44757
15754
71891
51746
35754
55797
1837
78615
91869
34562
69149
44388
15812
58816
80416
75353
22458
25737
27803
26953
4367
61894
18246
2700
10954
58789
69086
80300
86676
4604
98395
64307
65508
55200
89878
53587
7145
28008
87366
38145
36492
58964
57212
32071
953
34995
1652
94944
35022
33895
91618
28535
938
91567
72250
9831
76048
7849
49272
94023
71947
37452
2
27542
53442
50465
98128
47436
20499
80014
93272
61097
10284
42561
1698
53676
80288
43020
92322
23482
32142
91742
67951
58928
44544
17594
83916
56597
10077
8731
49087
32653
42976
611
27616
47978
6755
3176
57821
32858
83933
36318
61811
19194
15919
44166
33963
95134
95754
73073
60487
49134
33034
52481
72473
93459
18110
5448
65764
76432
13232
39970
89510
23503
41710
92080
66035
49510
93215
60159
14907
88716
90418
4672
91089
92569
43337
11568
53363
9048
21971
80997
23714
24826
58155
9894
55892
29852
93219
97716
21196
34656
87833
71636
83036
92019
20650
82530
27458
36752
87451
43439
57676
366
31255
71594
25881
55034
90884
15862
38927
60337
34189
38863
71066
39652
48330
107
62220
1
37924
82879
60506
97097
15587
68474
13518
92718
52758
85753
99947
47148
3758
15687
38716
50943
65178
23685
13253
74216
18490
67629
19528
75792
71739
5749
53321
60970
77134
31989
81807
42534
3259
71696
69053
86284
43832
67969
41780
61976
88797
33105
6927
52277
9277
71142
98520
79332
13164
71719
44680
76612
84197
30094
60313
38410
17521
50946
9150
6373
10622
78586
11356
16754
96957
28015
63157
35795
53153
6709
41042
86317
38992
48974
23476
61879
28020
27280
21416
40949
50600
17768
29174
30398
75857
67769
47054
28793
36080
75517
50767
66956
811
57128
24958
39706
44113
76484
43806
71360
83082
97549
17094
45477
69918
24042
58624
65963
79537
70521
21191
45788
73561
28272
24134
23444
20355
61061
5157
90729
3828
98504
31700
68055
26591
66680
20247
16851
55736
59225
31386
59718
56527
26696
46066
97862
53336
94143
33815
20078
49223
96758
54252
22679
11524
2769
28002
29440
20274
35965
31009
23170
39309
3279
8518
3431
14485
7901
16966
56078
72132
41660
15220
47706
12768
91175
62762
87845
59483
60732
54389
45486
95817
91875
62052
30363
97332
25732
5902
603
64508
89561
59027
48009
8995
20896
55175
55918
56657
23913
58978
1165
19240
48266
82544
85339
38506
37929
86158
44915
50330
42665
63671
37251
89235
19394
66181
21983
13722
55440
74307
44661
84318
12245
32005
8755
32567
56270
75439
41115
17717
18858
83493
39259
92566
32813
83405
55884
69377
59938
89761
1260
45973
7539
34345
10188
73969
82108
9876
13995
92572
96730
62202
42500
11119
78593
91787
45339
95435
58310
49488
82961
81219
27902
84060
24280
68429
49948
72187
82545
72832
14997
11453
57412
33288
15329
95447
80117
92746
51412
44151
57318
44508
7081
9337
50834
3810
23850
68248
86227
73274
3627
90041
68037
18113
36861
42537
73924
28315
29628
32405
93780
70282
5971
33217
38509
90258
49665
15628
63840
37078
79585
70446
23659
88940
12469
6202
91783
80047
87428
96847
80545
10477
82038
72209
77698
64291
41003
17166
71416
51620
76124
33120
87772
28903
49401
54110
88717
60589
88646
11796
34456
39173
38317
41536
90547
45845
52918
79841
65402
20025
16513
75565
16288
5308
90727
86276
42661
7875
14856
36689
25995
84077
77987
88872
97477
94885
6743
58636
62740
23171
564
36821
68742
98004
41848
5572
33438
25743
58678
98027
11185
88059
91533
66424
16097
65707
15115
90911
96045
9800
4348
1137
37028
60387
19422
33918
62663
53587
296
84605
70732
74995
26112
78504
61182
52080
15147
98005
19659
62293
96112
47289
28654
98358
60953
80636
51309
92205
20396
91425
36632
63393
71085
18261
99932
98660
49955
54776
92185
15371
8893
22570
80973
64120
81478
6576
14674
69831
1449
1426
14348
85709
79988
72102
16458
18529
2248
2804
53755
95046
75850
57069
99969
96511
45172
34079
19040
63628
47911
84074
12674
2185
24712
94537
56993
65074
45062
15010
52224
66054
82052
14391
30150
67400
21676
43843
893
64401
80923
18564
12324
22438
97445
66875
83128
60903
74706
82339
91282
32737
50415
3711
2609
1172
29963
65567
16957
84693
17788
42127
4634
12724
86677
37974
28165
20736
10621
10131
86501
45478
77668
37245
90711
34591
10385
5262
30913
78278
58338
87443
84309
74785
75935
6947
99030
76771
20777
68000
9807
7199
61123
53292
89294
21139
64272
66084
61901
52813
69961
60092
46014
79126
68146
2271
59045
51375
13428
68353
9596
52113
74891
99299
63920
71905
54619
65538
17467
44339
38992
83458
39146
9515
54153
27008
27096
19226
36166
23073
45826
15907
89056
4615
28829
54912
65295
40263
84178
23059
72246
80395
48537
6617
4115
42450
94387
84302
1796
31006
30581
45500
19211
36246
11191
90264
89939
40398
16751
68877
47113
84603
23576
30428
35782
52588
95989
48076
50176
96940
12105
630
9899
14361
89195
32642
28977
71059
69362
39232
83621
88121
89137
45322
93640
14574
26649
40111
81870
13045
87273
80782
44042
11822
53510
63610
40127
44394
78325
89665
90338
29789
46169
39615
21693
53343
84350
31870
19781
28558
73064
51113
20852
63025
12911
38649
88959
61697
85333
79118
78756
57327
41850
40429
95187
30994
54910
75784
12386
22348
56052
34574
66309
29889
6294
19709
90450
80376
53166
73464
87581
56511
30415
46152
79565
27897
23654
19677
38503
97929
19830
9807
94284
37352
61002
52820
87742
39117
18492
96506
39398
75911
59565
82400
52858
8160
72817
92235
56045
10287
60011
56684
62607
19890
47139
55727
25263
675
22142
3186
75958
22993
5783
74473
50225
72240
81454
84492
21254
98698
8634
41781
46577
97168
53018
99016
53715
64577
61605
13041
5468
61786
40263
58167
91461
39006
69627
10347
65739
84296
99386
17485
52142
11777
48502
61293
18912
30001
46812
18595
36666
96957
28338
1876
85659
71693
4938
43721
95006
58092
88859
27653
19896
85458
82312
11030
97630
51694
77733
5937
17389
2100
5990
46226
8898
14140
24024
39945
75536
91235
45919
15703
19931
73646
18902
76486
25293
25230
82363
57474
41000
81107
99906
15322
90587
34017
13099
24786
29519
94284
40178
88540
69935
7057
16004
98479
41107
98868
59743
449
22674
6095
60949
86246
19863
79140
77071
21789
20421
38033
42117
21390
45265
23830
83753
19945
58460
61174
68087
35367
67023
54937
22340
43399
85116
89109
24190
19668
47289
51563
29911
36109
25795
96878
15607
22136
617
73922
40501
15944
90141
9622
81257
65008
35154
22956
86270
18942
18948
1925
83549
38798
37575
10475
57283
83028
57340
9831
42964
54913
17733
12207
37508
41796
91492
91027
70825
89395
28060
73462
55180
46626
47419
70403
53760
71691
10429
39564
18651
29054
32006
28695
17360
31807
72435
19543
62109
48476
54255
41023
60205
53513
2768
53088
81312
68850
97079
75517
61505
52717
7481
66983
53542
92422
90922
94327
1722
33131
13646
50696
20257
38459
60321
55715
71667
10191
53924
99450
93599
20060
2224
6467
53876
54767
59472
85853
53518
97293
12023
43686
91926
1270
79674
77613
67313
65317
99463
26359
22132
69774
37283
41940
4597
59114
31900
65255
44009
72854
38384
1396
60386
14063
71449
84492
8429
10172
150
84486
25497
27515
25806
45549
49137
77617
18779
79729
40758
19234
72305
93761
20171
73678
90088
37726
7843
72790
83487
71872
76163
24342
9106
56895
94222
92421
37868
66746
74832
33093
18553
38963
13364
61690
59973
24078
77095
82371
54514
58258
32728
7674
37979
56192
18404
46380
66391
44191
13015
50423
54485
3677
32721
19541
8786
35824
71897
57415
40537
88943
16457
35052
39475
64281
5253
85254
5256
69967
45053
44183
3172
77839
79333
82876
11187
19161
28689
53753
89544
19624
2374
68451
4539
7362
91782
29268
48441
38155
31887
62797
84343
91023
28351
74313
20855
42116
39354
69552
45709
94205
78257
84150
94056
7903
79779
98621
21298
7213
33722
3248
11768
20590
43681
71768
71459
17540
31749
35597
81819
85430
38458
19075
17025
59409
73716
15470
7837
6133
7445
70873
94930
52879
665
41256
84689
99930
98523
51063
61960
64518
74934
47944
81159
31793
41354
79869
92562
94924
70119
10984
53237
38423
96010
83969
24277
41240
96773
94970
14491
99382
51391
59066
85823
23677
17207
27646
98116
99528
55791
20739
62632
94056
49895
26433
22743
38355
23900
48038
95263
76098
78247
49782
70546
92006
3084
39536
59501
1013
41975
61260
43319
70192
28067
21195
28686
8891
99204
19486
67508
65953
27182
29568
7573
38738
66385
96074
23317
51735
71176
76850
88095
10589
93107
93978
33596
30139
35560
30774
13393
85447
94844
51452
40877
37520
41786
22525
50398
88226
93476
28981
80878
83801
78040
7547
58395
15659
51197
41506
37975
87971
8405
76904
95433
25562
62920
13275
22890
81356
34687
62008
15861
79119
77720
95283
1483
328
46837
26097
87511
22839
31586
68110
90622
83808
59492
64517
71073
97007
29985
91333
15609
21527
57794
56956
8229
31462
34244
69044
87509
40669
61055
16775
47245
11679
72528
76983
70738
67734
16562
74682
30588
53859
56079
89217
88315
92566
5643
92651
46883
56660
99697
82162
32797
59052
86357
88010
35424
31204
17854
59479
85383
5595
14182
51910
4520
69269
1927
11595
15988
85504
48008
61526
15619
12680
55166
43657
24091
4719
54201
19880
13928
19617
68159
52463
22413
62240
62854
27825
89175
88839
41533
33851
30012
29495
45092
28202
53850
74507
15084
84379
45973
53526
93080
34062
95735
35433
9306
90095
65308
98126
5132
54991
38257
67900
70911
992
45919
17642
27503
81703
99912
24182
18635
14023
12877
84190
79447
17821
21180
1381
95147
34352
55621
2265
17975
60706
33812
72997
55568
28881
44910
57373
3961
68444
46748
35248
81020
67442
99566
89269
38474
49575
76382
59762
81048
8577
88174
42049
64164
73050
28551
71351
31678
82384
46663
60603
23425
95688
89839
45619
72545
74292
82248
72998
60599
77852
71211
57771
8365
64855
22115
89042
81118
67097
66956
70024
93401
55612
48099
43355
59366
94335
94092
31920
74771
32128
2366
99447
3887
97194
30861
17356
23604
85315
50309
58361
62394
81585
62241
46290
18872
2323
51827
50354
71698
71728
11194
94625
97794
38286
5888
74324
43202
72076
27680
41880
53855
3981
65401
61886
16876
44964
20243
95985
10146
18601
68228
3531
52856
50162
11387
68834
8558
70738
37519
26600
21125
30726
52440
80929
46762
95325
33384
69357
15573
27823
30777
59985
36077
84271
69626
71283
30747
34600
3066
56757
51272
18521
50804
10930
88391
71864
75229
39755
32021
75815
29718
21141
1739
38325
12603
95501
52013
74912
70495
42838
55282
43658
29033
65023
64668
89462
21119
38658
84209
3093
25589
36628
62117
95213
56708
745
20119
87582
92395
62071
40098
13353
61906
42078
1169
25061
15837
42432
20816
9971
93219
42649
47553
92481
33499
35445
91595
77164
75533
26445
98888
35681
70304
38558
3487
52061
41284
42115
77327
12168
39882
29785
66360
45892
29132
56540
90426
93208
35023
27454
60252
43385
94082
32242
21050
37938
40930
1493
46537
47427
99852
49523
80512
62957
54799
59639
4157
19762
13833
87753
36339
45540
87675
1368
52612
3901
9081
98483
56033
52644
3842
12314
39865
37001
50665
81479
77361
12495
6670
53967
62032
63347
46202
31794
49953
50086
37261
65691
94346
12626
88293
44480
27941
83580
33900
23080
93618
21368
54289
66058
81688
51284
35199
59745
98068
12765
74751
97298
76259
19617
34070
41223
36273
76469
59633
30833
38134
70889
42863
40205
71929
39147
68752
6204
29097
80308
43843
39719
91053
83215
90523
32708
56952
68375
24769
25819
47288
33404
70917
99653
21393
15265
10845
75975
5812
88262
33783
31458
24538
58178
21608
66912
52524
47854
65966
14835
63454
80567
78286
1333
22084
26798
13696
46787
39560
2473
46485
26893
10784
25545
75404
92494
59589
26549
24273
43730
92983
96388
38179
53723
80880
40980
82457
87751
18205
48984
31682
93685
77402
94957
36032
72452
37690
73194
3391
37416
71390
56590
69858
29448
30485
70266
36250
61099
3441
71660
38651
52089
87827
79081
4508
13776
50742
64699
62253
30875
63205
43909
69512
68091
99125
12955
86565
29203
37563
29247
59930
19661
64356
68591
13926
66041
73045
30646
33176
8209
41574
7492
68952
13572
22909
5387
41686
3981
58720
24815
32606
71589
73619
20136
75733
36260
93086
65373
82372
70334
85607
96290
43992
41114
40200
90570
64345
36123
24302
96907
69591
11277
33097
65905
90839
77569
50549
2082
70503
88775
49489
29837
11420
81033
4138
56726
6455
11993
20992
89031
6756
32699
3974
1757
78635
65864
53901
64743
60052
43936
65568
65571
78870
29006
48456
94204
97821
14512
71038
77778
71623
23358
26330
20339
825
90859
73648
93210
44137
94522
76481
48923
44789
43748
7487
50058
15489
42365
55187
21646
38589
18640
20149
33186
61274
67933
22620
62068
41421
31259
69642
91121
87649
62709
81859
4141
29998
32913
86581
97599
61142
39545
9966
43879
30380
88126
58708
9809
33107
32894
68187
50418
90265
17459
60524
42473
24965
73068
47616
85184
48312
46717
56325
59189
12171
39405
99610
12547
70350
4651
23173
98307
50188
65673
59348
65082
5643
39039
25844
71932
95845
26731
34165
59033
78997
144
76777
1973
88431
69036
9430
59863
35471
11854
53405
47310
78408
95016
22882
39703
6735
87251
43924
13717
41637
76297
40957
7086
89820
49333
39965
81886
24159
800
39578
37696
46502
28116
63717
9391
10
23250
47669
33766
52261
70134
6581
7274
27161
46213
78380
30994
51998
57251
53820
70502
91396
91260
77215
7707
69771
62173
13210
58313
58578
98257
83898
34419
55925
80490
44125
41974
32335
35889
52278
6007
42012
17575
63211
8293
32880
59789
20911
23156
76630
69953
23726
76098
68670
81692
55921
71298
37123
38858
79303
74683
52341
89073
96925
73608
753
46027
3007
20715
89806
93728
5885
11947
30115
79138
46915
57909
38523
75298
60361
17248
75752
52398
98634
46839
96499
91258
75980
33454
61904
11505
65460
56682
25504
27843
83235
99709
49810
63490
28971
80549
36540
81765
55084
69225
15454
7451
54752
74748
78599
71729
62295
99585
1759
27726
33148
78607
6892
36706
14256
56702
5062
98765
64414
806
76752
35297
88644
51528
7302
36415
16686
76517
54197
83234
82808
35162
30579
1468
10812
67507
47987
12143
7390
56050
52159
45860
49451
53957
34605
52404
47524
2031
34061
66671
17143
54989
1664
57467
65859
97622
29119
2309
45804
37639
62091
93690
58050
94991
48031
74706
51489
8379
49962
8851
53491
66846
2279
87891
28141
36474
79671
4795
57151
83163
56065
16656
58661
86745
16055
42463
3378
72465
33092
56381
22606
73664
20202
75116
17208
53358
99201
32182
6800
4357
94021
80275
36477
78158
42734
33894
98958
87535
99020
63188
5078
75266
62279
33168
40971
86532
23253
12215
26458
91698
61638
66550
67196
82005
20284
88655
25942
10256
84352
96215
57435
68068
92166
10086
78170
54746
50509
13609
59852
10006
25775
10831
68706
97916
59376
44682
42620
21122
6883
27222
47578
43635
9429
73542
81166
4530
68917
72880
75819
82725
98374
83606
28215
64209
9366
43896
65238
44613
26718
29217
57221
90701
83707
5475
41147
1084
16938
19522
77530
75466
90210
30893
19072
41166
97842
54155
44472
4540
38111
99195
92015
43024
38980
17261
20899
43435
20366
53282
73013
79285
77890
7809
34479
17210
20185
32613
31855
23181
48601
32819
8956
89503
95708
89349
95655
3415
54086
79051
93247
43578
68904
92925
65559
18265
543
55218
78684
54677
65857
11979
91973
77086
3637
93184
85976
36563
42681
68311
31453
68020
3336
7006
73008
62538
63630
83933
16586
60912
84426
96699
13707
59099
53065
5824
11548
76212
18076
94889
30958
95087
10181
54606
83484
15901
97374
36496
82025
15882
80185
90033
21703
18229
15907
46407
63222
44088
74421
56098
2281
69629
40535
25166
47314
8731
60217
55222
36262
40631
12908
68533
23699
36750
63299
57425
22119
97631
99884
90351
41433
41857
60721
10556
81613
45086
97946
14970
42528
10125
4184
3823
52833
41293
47922
83645
83186
23745
54854
58531
39071
79836
68091
56186
31974
23225
50086
18601
54003
57020
39495
58598
26162
26677
71694
81846
90884
54960
91932
41756
44740
34814
91460
92950
83481
38634
55731
45886
97801
66887
52863
15689
39730
44724
26269
43746
99960
60218
68329
80571
50921
48493
43563
64615
58648
65279
55916
81089
85274
61393
11969
97612
41849
12547
28129
5136
34553
58531
92414
91683
49120
72791
24739
27029
6498
32226
70818
3729
35149
12196
3958
48764
63755
56771
85901
34372
84538
92750
60422
10926
67136
92170
20592
5790
38175
44853
1924
82129
19963
97568
23562
26987
65247
27289
3534
3650
60803
83328
16433
16472
99556
49611
10004
93467
78087
21156
45873
2524
45752
54300
7903
64040
25418
46305
53246
28635
91945
4508
58777
53506
57367
46502
43228
77681
80545
36596
8445
14961
65193
51972
91724
79330
88116
86550
62634
12692
46889
91070
42398
50869
28738
26707
63170
26365
80012
50598
63277
89532
62235
30387
8565
13112
60669
58516
29788
85439
84054
7906
19360
57527
37458
8739
24547
25208
565
76899
33158
71935
55148
13085
54204
68182
28679
30013
4172
63218
59720
52954
29348
49512
27556
12107
31200
46156
65268
34435
6047
9989
51919
76305
19708
60988
60859
46776
53265
90987
87819
47864
41824
4742
3904
7631
66842
56424
7331
56922
47322
4152
8909
55981
59816
59456
15890
82951
35232
53526
2089
41865
61708
92083
92880
68342
80147
94840
45764
23313
47013
88412
90520
96778
98342
54458
13624
84850
57477
98255
27992
82614
31666
40246
57117
9741
65081
58730
51309
6651
23464
62821
84912
28815
33887
38471
79806
28574
81964
81971
42825
21335
25590
44691
85229
51671
51592
81858
37723
92267
5871
60250
89777
23020
27139
92258
60131
66524
88920
41641
74160
77466
40776
22819
70310
41480
24237
93031
74213
83266
94208
65888
24183
51753
17768
2860
74696
85280
63594
1970
60281
89528
67603
5113
44423
11841
93336
56735
76853
34174
29664
87454
9982
63913
45347
9001
67811
76619
14526
38518
8035
36119
67978
88612
17937
61548
17503
6079
96577
60797
98715
37152
34796
1930
15672
64588
25197
46111
46577
44315
32694
71328
8584
7116
85326
37783
52555
28396
32408
1382
43314
44311
92723
6299
88788
21738
5593
44537
70556
28864
12075
57837
89721
71532
79427
92094
35452
17505
85133
84744
83073
17009
98596
63121
32249
4041
20003
62367
55424
72982
69147
60480
94578
16532
85764
98386
77891
49097
89840
38475
6699
40581
37860
73902
12071
32841
58942
4126
88465
83023
86729
31968
15431
10369
11755
13396
73040
26858
53013
79665
16753
75609
98944
76239
55125
3914
88537
58541
34223
19437
21572
42011
68912
59485
88348
13765
93852
61295
69480
82860
96223
33880
78004
48141
62448
42434
53971
43550
57642
51098
30586
4148
4761
42255
83362
97055
47215
33036
36312
88953
30515
53948
87038
33094
66908
68342
93155
19671
43335
82820
58190
42654
65990
32369
59827
11726
97649
81521
21309
2415
89952
6802
65123
38249
6984
71883
89250
78833
20136
48774
29026
45515
31486
70959
68252
55697
94857
88800
4988
92130
72351
65664
81964
73085
58548
14273
9123
60610
13646
48648
10768
33359
9098
92319
68486
88931
20210
25172
61739
3088
90917
11382
46599
9318
33303
53431
31438
10046
72971
84459
69539
34860
79658
4761
1048
64752
30035
412
69474
92227
44728
42808
33036
52365
1877
58194
37426
46576
58224
98261
13227
91578
57121
20633
47876
50926
75881
33374
94587
8537
74663
69426
65306
94801
70446
37353
79976
65018
95584
7464
62594
21818
24066
91587
46936
50043
53068
96543
64537
92007
23913
83281
88142
39473
14014
62757
26346
84835
20914
24122
52015
257
94352
40347
72327
1278
82166
83709
90233
85052
77230
97722
8910
34618
21009
64988
1388
8096
90991
1300
32705
39833
24076
74692
25918
63436
47996
73499
68444
99174
16739
8340
18058
80758
70508
95367
45602
61360
38245
41801
62294
60534
35663
28807
20741
89224
56551
11685
35146
3337
62636
52358
48196
93947
34991
47520
19792
11510
47953
76781
66233
45607
41765
48081
71786
48588
66469
11131
13708
1476
70206
64101
90420
99749
38674
14498
86140
673
55994
70825
97692
99235
99608
72577
49939
36197
17216
68885
28847
22493
49174
98175
54563
56305
87970
51015
65983
7861
412
70514
10905
55560
627
44843
1487
85618
98615
27748
27561
17442
40008
15984
41196
28466
5871
86997
66684
82837
64035
7877
36054
36950
93501
57835
19795
68096
63906
16335
59955
70044
56950
57198
18486
9992
92255
40793
30869
24857
27158
36657
17395
87042
19099
21026
10251
26244
79053
24570
20411
6380
78896
99410
82885
87695
20358
95704
99596
60628
91954
81937
28369
61639
4200
41279
19801
10510
20205
60728
8666
10714
25934
3496
5803
96633
40413
13556
3597
83790
22775
44930
48563
65503
79243
63220
87762
49714
54081
98046
40062
47168
25529
6189
43011
28909
62974
2600
37028
96601
29296
10054
72141
14713
67636
95793
37386
75255
26022
28696
23153
5112
54237
27961
87556
67489
49658
84174
57734
65047
31427
84993
92887
70732
68259
61598
67495
11203
21930
55146
1977
85535
89060
34615
17646
11338
3042
18137
22657
9081
6209
70026
64060
42125
75364
16773
17643
78675
73701
27036
18701
28892
9547
80889
44522
70213
88804
47862
77959
90551
28048
80874
62982
64394
45509
24185
73485
58696
70421
70863
62798
58647
51870
11961
61694
49949
95955
86684
2919
64348
65421
75771
83149
65789
96473
16080
33858
17713
27242
53060
36585
21518
95386
42552
55260
87478
8479
20504
96439
90612
87773
78560
98489
20577
80348
60032
48397
74762
1602
1209
79107
58789
54805
67114
80067
92730
65865
66455
62694
20419
30940
25005
57906
32224
25801
36446
6551
7459
61024
45729
23606
78305
13847
94711
52538
24647
72008
45186
19906
21462
2975
23323
49331
77962
99875
8973
50088
15216
18059
96280
87854
40259
38778
20838
69603
71422
50618
35209
87135
78517
55443
29139
32143
25110
81175
20300
44614
71340
2257
70050
98547
77592
19587
98604
11962
39886
2437
85022
62070
74828
27074
19089
56459
23839
29745
24287
35475
56656
31829
74852
14457
5014
37816
5627
74524
88190
55848
51481
33661
71028
48530
19074
8067
33314
82701
29397
95703
66295
83632
2856
48987
75056
79794
30708
95513
78597
79181
4832
96611
4313
66604
9086
94907
58692
31251
60920
5995
46544
87890
3711
26667
79702
20941
1226
52128
89287
87043
35238
87727
20493
14678
77635
75669
6332
61394
66905
18090
66849
8402
52790
60248
99209
57603
21442
71004
47872
64667
97434
67446
2797
73130
96182
17609
1077
78973
55746
36922
86949
68128
84156
79995
48390
44306
86040
21346
64274
2308
77902
78070
39056
85473
56122
87131
41553
27761
27162
87449
11666
67126
18222
73222
94139
69268
15065
51483
78803
63908
67177
38710
78052
47381
84027
9820
32956
6036
85001
13980
34273
84971
16402
96213
32225
34561
2257
45320
70120
25377
30579
59664
42623
72591
58261
23058
34034
89570
16500
16556
98549
54498
66553
43499
34706
41822
92495
60098
55778
50884
44724
57756
47030
50804
23055
87306
87339
28623
5669
77767
8177
40320
40362
55290
90443
69366
55019
76233
68941
82262
91123
86779
47093
90769
91815
24147
728
55525
46042
6245
76034
30403
96641
47716
47144
82817
46270
31510
59305
78154
10950
40398
14283
17487
78919
78426
51966
98074
66056
41483
45482
36788
20157
29456
23179
4332
3071
27463
76489
60675
55170
80464
13029
45164
1438
50099
67471
21668
93540
86511
968
76592
79818
83311
71097
74466
61258
20521
54535
28316
16986
55584
56242
32485
14346
32201
68170
61588
63876
69185
46832
60779
45749
47212
39681
17668
36709
37819
42635
4588
91601
67482
29032
79719
45691
35291
73140
67409
28245
92629
25588
47475
28213
65864
68605
69736
46527
41949
44013
81349
64312
50972
90584
83846
88240
35704
6472
8587
60081
96080
77892
35514
75729
37578
83032
99540
62314
93306
28752
9419
96625
73465
27745
57769
69951
46985
77179
83584
28021
77757
494
72259
47192
90131
24459
86403
71961
73773
35523
86636
80372
37114
92408
66485
75654
49081
85485
84679
91255
8490
72613
90203
72032
40369
93493
2809
9985
15290
44454
57976
90974
4784
67020
21415
10585
76934
88124
73277
59286
46730
36798
80360
45447
16312
43457
78539
27809
17898
66068
77951
66425
90773
27563
32027
75733
59175
13795
2834
29665
46469
97850
9746
48225
56044
5824
87337
50608
75077
56260
98001
41149
27147
75217
66372
54478
68252
76649
64539
99850
5980
82982
23209
85522
9297
87786
10889
68065
7578
6004
89400
64031
92835
6347
94480
6824
15407
47854
75935
39160
52429
15467
88719
50230
26059
49115
67422
63409
6237
52831
40662
49894
51142
72980
56044
49855
50999
29818
73163
15533
47942
98033
39730
47835
1052
83916
43712
88270
39833
8635
91148
43725
12004
63018
51872
52192
41301
39180
9283
64972
69041
3335
31766
84
56424
45826
25038
36682
91446
65070
51696
59226
29221
96282
69672
56632
25684
16180
9152
75335
4117
90017
65948
83185
9646
26774
20795
78692
61447
48550
5602
73005
17587
8782
68161
92057
88087
932
96273
77666
31344
8205
5919
36984
33649
89418
85218
34760
88573
70807
90725
77738
59481
40004
59548
55631
17832
30127
88005
69292
65233
28769
96442
41728
90067
38713
50232
15268
60541
4141
69896
85458
12852
10033
51568
10507
42087
71539
68216
99962
45561
55929
19079
79579
16163
80946
47607
43703
77826
80622
75785
50578
43289
98746
28211
20246
18636
21463
99707
10305
26760
8029
32817
56753
64324
63483
74906
10716
26684
15564
80571
28943
34670
70860
55564
93303
72844
85087
55428
3849
84748
31946
91668
28391
88164
81657
22753
18025
53160
40123
99681
85364
7915
88522
13696
47400
28501
89021
29696
79237
19771
18443
41787
51399
97864
17087
42376
41844
64902
67402
66893
19567
19337
64116
41077
55586
25300
51050
77447
324
7410
21351
70071
91517
2942
8393
37825
59852
65821
11565
89551
254
7187
64101
5900
59902
97065
60904
97630
57704
68342
43773
24092
94652
6088
25978
59829
29985
74243
49950
10939
82360
10289
91584
45389
18606
4790
60263
31982
85680
58328
44830
30374
15536
56310
68275
89435
36014
27071
94969
20608
85251
43178
96177
32806
3476
20767
39308
36311
93323
78032
71226
11495
44613
1149
87590
97164
93852
98385
18019
79897
35883
17475
75966
51128
68191
10986
94038
9533
95728
43578
37674
29589
50621
44191
16661
46334
81487
88536
50589
22410
22871
91148
36208
69540
81191
91523
52493
89885
62178
6298
39171
51930
85954
1748
95189
98447
95389
45398
24936
78582
86069
68850
56192
23413
73969
93649
24
97255
65363
42857
95617
94622
20960
55424
56384
44669
72503
57885
32011
55037
99782
90167
86763
26291
39361
31308
61812
89784
31098
82461
95447
51375
95949
76839
8806
88973
27972
76722
55191
20350
19284
79062
43157
49441
91886
5552
14641
47428
28821
91036
89889
23798
63547
5395
82817
52776
21880
962
58891
95121
34439
18240
24921
16901
9871
56567
54109
76384
8317
52123
2426
56107
35788
60776
18872
69690
9314
83907
54185
25542
27642
7896
78695
55114
92026
49999
402
19374
65187
38270
69487
60668
35492
6459
8708
3867
81131
34742
82241
81042
58371
45937
60927
56423
31648
22516
88438
83235
31072
55348
26487
30330
61329
87242
26156
52428
41108
92151
52201
45430
87510
7527
8883
36446
9082
46140
76874
20556
90867
48968
66302
39586
1345
87584
15765
47853
90961
5745
88802
32243
35685
63615
86071
61279
73174
94944
67115
75372
67765
77213
50431
80395
19761
19494
88462
56353
56147
59798
6285
40655
76163
59471
61854
12128
54260
97898
27173
97001
56911
55946
6900
61491
96435
83099
43957
33599
4232
83562
9866
15623
4290
1948
67848
4142
84158
5333
90290
65520
72000
35893
27958
29406
85913
99819
21477
51761
51925
86191
78568
8161
42676
19247
81535
44794
93661
19986
17078
48567
19512
75223
31782
3805
11728
97667
39482
68404
95567
93365
81925
31537
14717
62955
36542
99141
78962
56705
83196
33149
50890
11281
42391
57569
35543
27830
90043
45897
11974
67289
75386
21582
40377
79421
34007
84706
16688
72235
37531
72189
50952
98490
65331
317
75034
13735
79583
93561
16271
40947
82714
80674
62834
70943
64241
30039
64560
6663
37043
98685
97489
69446
22542
64226
18700
81632
33967
17283
97212
14646
53009
57973
67636
2139
6625
19979
30712
45107
58550
54026
167
38335
60040
86904
71185
53050
21393
20953
24818
40898
34708
26902
13187
35568
50310
30616
85902
52279
9862
45219
73927
77998
97681
11341
42368
32018
17093
14489
49846
39404
36044
2964
33656
10589
23720
37751
46558
77650
13130
29323
41321
39701
4240
47073
47417
96667
99146
55729
16008
23326
88950
14855
69372
55249
65849
58252
9340
47519
57173
62167
15573
74864
74913
91972
24677
57792
66984
97400
10569
21713
59818
21134
42509
64427
45992
95436
6357
71041
84096
93839
47195
32948
72899
2023
2621
57526
4608
67886
96079
74733
33087
83752
89298
32956
48531
72250
90712
59381
66918
33560
35015
81143
14779
89158
79589
39129
17989
88665
41684
24143
74975
15887
62568
85728
65105
38493
84314
73873
6559
71988
94064
36982
93762
25719
4421
96936
70894
85211
28625
85773
29609
31798
33579
84260
64527
10961
76157
3481
72872
28273
72669
9718
50666
84404
34903
62679
9652
43767
98151
51910
98703
60860
78893
68886
73208
33125
46695
19727
72148
89720
16535
36895
64757
25021
12468
24922
74165
34918
85069
6656
58865
25564
1670
59141
82311
8220
42055
96752
12413
25721
46992
97543
99501
65666
30207
86123
30625
13086
738
43816
14392
41813
70561
63814
42093
55634
30757
68269
12011
59822
97311
88267
70871
17927
97213
84613
52473
39603
46183
93964
77787
32601
88752
89853
31888
26074
19443
9551
89820
14470
72459
50809
89956
62279
21628
54733
79966
97128
85930
68834
73849
78061
4885
44626
92359
30741
29127
73661
64803
14531
60777
7640
75523
56395
86628
98060
95291
92039
48218
33682
50067
84760
58472
83906
88077
54926
62885
80091
98000
24366
95576
65341
84441
45912
59841
92379
93852
78971
1095
62159
27226
64474
46869
49410
59093
52261
68160
23640
6858
75324
95594
215
37168
83290
81466
33419
87159
77115
39863
56134
32040
37301
5436
10898
66622
89301
31226
45870
83208
11181
2556
63861
80355
94164
98965
43500
73614
28121
8063
97955
88589
19577
1111
8658
59567
2334
74377
69412
13171
3967
18021
5530
2945
51560
99501
27099
93701
18330
89915
51490
36728
92698
84187
99660
97657
17908
33388
10972
6558
72268
34014
49220
80297
27528
73521
80555
6410
80633
50442
1631
89373
45778
55487
91520
93820
20608
69025
95948
59111
98816
42869
88515
36104
65131
34794
19998
88661
22565
96243
30386
29561
95968
38693
2158
354
13155
94157
60169
34330
48656
27867
58845
67625
97953
12805
29793
98660
67194
69745
44097
37007
61069
6292
57200
79584
53218
2824
89527
65775
39354
48848
34204
1813
65636
15994
26174
54900
34991
8266
9477
67738
17482
48874
64249
83344
41750
57192
15431
86620
21384
58781
24115
68880
78552
39289
62431
3896
95169
52600
56353
1295
29646
83064
19840
29739
33907
34007
12653
84394
66872
62765
47896
7354
99245
89760
49191
29189
54958
8621
17820
14154
85246
114
51070
95682
94203
18221
25811
57595
4866
69778
14466
98254
59079
68331
74612
51343
24379
72124
70799
11609
1041
35656
72976
7291
42292
46694
55491
71314
68005
87815
7188
10980
40684
39450
97540
24014
19436
35463
6543
38461
52433
38753
40082
5125
49362
19929
65012
8098
99979
14207
60411
42489
78162
62376
79312
64912
5086
86316
55869
11741
67356
53651
39497
67229
12768
68270
70147
91324
13322
21879
47421
88917
39613
4158
24320
77637
13583
87869
90371
60628
98448
10182
43166
14930
60893
16849
75336
74318
61397
89178
27163
49816
72970
11147
58219
8616
76392
99812
35196
6236
90614
24299
12342
37788
4517
12082
73688
23396
94388
40206
52455
19569
50070
10517
57245
12568
62413
73975
25570
43984
11735
93240
19309
15102
76879
86305
82113
7427
1482
42951
45778
34777
46379
49988
50590
50815
98756
95550
14714
63169
31996
67232
42938
60809
76897
81282
82730
28837
71121
88489
40035
22564
84230
77503
87723
7911
50648
83314
90307
21604
58569
94886
89472
36368
61875
96958
74405
13513
23187
65852
82872
79815
70587
33884
87344
3941
30026
88118
89518
91072
21304
86252
47831
66633
80640
35639
38855
74717
15314
31595
39743
93310
72928
95636
15736
72376
50611
40124
75103
52705
93325
52308
57161
74740
86635
27293
35221
19497
78790
11831
2378
24308
68054
46563
58089
44408
91140
96820
87777
18750
62846
30239
34331
11538
37919
90427
57173
56333
73412
38903
3428
9681
5619
77430
76930
20431
61532
3686
97045
93329
54763
64733
56490
57838
45749
75716
8338
86570
41313
34804
19623
1985
52678
19709
65177
35313
15329
64382
70935
26128
80410
72210
20407
98504
30844
75656
62517
35617
14972
46163
81205
35621
29742
64967
18009
6272
90497
44619
5396
30038
39251
25402
40575
80276
48292
62941
81128
44837
54998
90801
63423
91281
44197
68594
91326
50947
40314
95097
87433
47615
26546
95925
94918
76007
5915
6095
98972
26672
12176
94214
54013
75663
2036
75466
9777
43944
25441
47059
50554
4208
95011
36243
90316
33960
34936
92651
87634
1693
46380
33892
45786
62991
43673
75694
79302
74864
34208
33724
96325
49208
41559
57979
41510
29038
60354
10991
77821
91811
77303
69551
70916
430
45748
32632
85217
44743
10025
44769
4114
45191
43509
13194
17227
9362
7634
48383
